1.209171420632101 4.488138744528742 9.074772673095381
1.2507625953555503 4.384223287356963 9.074772673095381
1.1470183061563213 4.392206667142899 9.074772673095381
1.2550112324126665 4.223306328988949 9.074772673095381
1.456827266483879 4.154714508859043 9.074772673095381
1.005572891008306 3.978145328526956 9.074772673095381
1.0213108456094002 3.73920901814649 9.074772673095381
1.049496643253968 3.775232920786735 9.074772673095381
1.154309121370144 4.021672301623172 9.074772673095381
1.3883268997550038 4.109806718973694 9.074772673095381
1.3727790057985185 4.0320474351686215 9.074772673095381
1.5706243677170884 4.1261157013067455 9.074772673095381
1.5815085541240046 4.116379762423186 9.074772673095381
1.5731417915098511 3.929249991089638 9.074772673095381
1.4916551693684381 3.7140959098028383 9.074772673095381
1.4170164666775613 3.6816119078162517 9.074772673095381
1.2409938617581449 3.661042979668923 7.366235378215698
1.1351230456056096 3.617598489553822 7.047381612261853
1.0632546482492617 3.6058807128813246 7.047381612261853
0.9918244125028818 3.6704118789549818 7.047381612261853
0.806213381819697 3.629197948542745 4.957264263068646
0.8486936928281298 3.4064310648274545 4.957264263068646
0.831921479577942 3.342043437325556 4.957264263068646
0.8341883858629581 3.2668933245381164 4.957264263068646
0.7982703795248263 3.1297699174910774 4.356492713592035
0.8028271666555687 2.9368454867498905 4.356492713592035
0.8599684854890777 3.0447902441665837 4.356492713592035
0.890428294311186 2.961298765705882 4.356492713592035
0.8975643819498963 2.9043473038443914 4.356492713592035
0.8566731323025631 2.7988758927398316 4.356492713592035
0.8676355787737405 2.7732170012719144 4.356492713592035
0.7898023847126194 2.7124390473361144 4.356492713592035
0.8074551695811328 2.711453347291281 4.356492713592035
0.8540386576455669 2.839596611767435 4.356492713592035
0.8198876391523454 2.81825567676291 4.356492713592035
0.6830499080054733 2.6874865548142526 4.356492713592035
0.608811736058397 2.7070805170409993 4.356492713592035
0.6002563445133351 2.7062497569659896 4.356492713592035
0.5515996139960712 2.692100612867104 4.182803247845145
0.5564706706425485 2.7614580613626014 4.182803247845145
0.5356008242468084 2.670665734570164 4.182803247845145
0.5465757385227107 2.685946992276446 4.182803247845145
0.5312718932259192 2.586129711000657 4.182803247845145
0.5321918139837555 2.610985387357888 4.182803247845145
0.49089421659585963 2.6218337600328185 4.182803247845145
0.4532932621033275 2.6216536335000096 3.178891891780378
0.45381824119331504 2.641207361822857 3.178891891780378
0.4620308916444598 2.631136215384568 3.178891891780378
0.4396016903820649 2.53234459534408 3.178891891780378
0.4414337294602976 2.4880448553669146 3.178891891780378
0.45868390737699405 2.487132713321372 3.178891891780378
0.4578017490516986 2.473047809531689 3.178891891780378
0.45082511840894 2.44990501779537 3.178891891780378
0.4847941585450853 2.493420748708295 3.178891891780378
0.5019773800915927 2.4904635780546385 3.178891891780378
0.48393932793605166 2.4433719289268083 3.178891891780378
0.4936127203882556 2.461036989419284 3.178891891780378
0.49973921165717516 2.4683316893314156 3.178891891780378
0.5107905369618868 2.489017567960769 3.178891891780378
0.5112821410066274 2.483202929729289 3.178891891780378
0.5038776739020682 2.4465055687241284 3.178891891780378
0.4930477911696797 2.4231754588938648 3.178891891780378
0.43766827651285245 2.317845662450541 3.178891891780378
0.4736849364004108 2.3844424883646447 3.178891891780378
0.449391658322957 2.3415558529401155 3.178891891780378
0.4810738876371907 2.4039990139589102 3.178891891780378
0.4700485780818699 2.3821783378230466 3.178891891780378
0.44349631177917337 2.3314002317193827 3.178891891780378
0.4133531405688936 2.2926672611901626 3.178891891780378
0.44479679005452283 2.3420054427297416 3.178891891780378
0.45494798099121575 2.3576627592394432 3.178891891780378
0.4508196130262712 2.3482618548659104 3.178891891780378
0.413723445757355 2.282886276157318 3.178891891780378
0.4336426808775887 2.3125984229723167 3.178891891780378
0.4575930762014036 2.3532209078552473 3.178891891780378
0.4850534430560369 2.416231467627297 3.178891891780378
0.48130971246272786 2.392708595231667 3.178891891780378
0.4524459581546074 2.3386899132696395 3.178891891780378
0.47020650240273154 2.3654121386000386 3.178891891780378
0.48347563466493954 2.3896485049192737 3.178891891780378
0.5073462173806473 2.4479380010427603 3.178891891780378
0.5084603625644284 2.450235247105966 3.178891891780378
0.5055382147225784 2.4459101853668255 3.178891891780378
0.4895238011467423 2.3817135323546252 3.178891891780378
0.45473920666663814 2.3181431312606184 3.178891891780378
0.4896931124423744 2.3674423036526755 3.178891891780378
0.4509253344988041 2.3196724101316653 3.178891891780378
0.48930591230975023 2.4022820834608343 3.178891891780378
0.5041991910280799 2.450138664085669 3.178891891780378
0.519162749673009 2.5213327230530824 3.178891891780378
0.5231425338854696 2.53547171659975 3.178891891780378
0.5311378367129036 2.618683807816849 3.178891891780378
0.5299185484494175 2.5753205266970025 3.178891891780378
0.5260996432822197 2.5452489322990997 3.178891891780378
0.5167811184369707 2.4522377611084183 3.178891891780378
0.5166817052522206 2.454314593556073 3.178891891780378
0.513335045107872 2.4582809403574375 3.178891891780378
0.5008533843397079 2.445902391518701 3.178891891780378
0.48086725724230056 2.3933328646109713 3.178891891780378
0.47184767757985546 2.3777995564441183 3.178891891780378
0.49845781997786165 2.464389859237848 3.1034202070604335
0.48372157710081604 2.428830720273118 3.1034202070604335
0.47712705792981563 2.416128961401119 3.1034202070604335
0.4667806606509838 2.3854369812553027 3.1034202070604335
0.41677285405653475 2.301645873838175 3.1034202070604335
0.4127881100019727 2.2899430205333684 3.1034202070604335
0.3450728834496218 2.2305275959087143 3.1034202070604335
0.3303877417076218 2.20373279839895 3.1034202070604335
0.32665940616436484 2.2103433764012244 3.1034202070604335
0.3548823044992759 2.2524841639838975 3.1034202070604335
0.3585199483086777 2.2614157631538188 3.1034202070604335
0.37345509977454994 2.2727954064253626 3.1034202070604335
0.38742861174697624 2.287916280014652 3.1034202070604335
0.3219817717904394 2.200089661630848 3.1034202070604335
0.3006474734458014 2.196417595478415 3.1034202070604335
0.22445554193304615 2.1367368195891614 3.1034202070604335
0.24344482461103015 2.1482145564103488 3.1034202070604335
0.2609097410499761 2.172463216268847 3.1034202070604335
0.2616689883786257 2.171141100668392 3.1034202070604335
0.21871454875389074 2.1473137443928003 3.1034202070604335
0.2071052372677809 2.1397042608233336 3.1034202070604335
0.25694274114010474 2.166302871233811 3.1034202070604335
0.28937308073307677 2.190355343993022 3.1034202070604335
0.27515133412254744 2.1852630686904897 3.1034202070604335
0.21258363093470348 2.13815702873926 2.8488064419338253
0.18538668252538998 2.1255822928012362 2.8488064419338253
0.17130878129019594 2.116650693631315 2.8488064419338253
0.17203454257125303 2.1153285780308604 2.8488064419338253
0.15471445973902853 2.1090412100618483 2.8488064419338253
0.1340979026441711 2.1040759576932917 2.8488064419338253
0.17056968451997018 2.1179728092317696 2.8488064419338253
0.15826220187579415 2.102430632059574 2.8488064419338253
0.1190863338593816 2.083245318119276 2.8488064419338253
0.11620318455793095 2.0885337805210957 2.8488064419338253
0.08664250003806254 2.082246412552084 2.8488064419338253
0.041367642887718825 2.0733148133821624 2.087858084987166
0.041367642887718825 2.073314813382163 2.087858084987166
0.03966346801364589 2.0746369289826174 2.087858084987166
0.03783653700236393 2.0759590445830725 2.087858084987166
0.03966346801364589 2.0746369289826174 2.087858084987166
0.044463201712794866 2.0706705821812523 2.087858084987166
0.0484695585325312 2.066704235379888 2.087858084987166
0.0484695585325312 2.066704235379888 2.087858084987166
0.047208969674541794 2.068026350980343 2.087858084987166
0.047208969674541794 2.068026350980343 2.087858084987166
0.03966346801364589 2.0746369289826174 2.087858084987166
0.044463201712794866 2.0706705821812528 2.087858084987166
0.042963671653854556 2.071992697781708 2.087858084987166
0.04136764288771882 2.073314813382163 2.087858084987166
0.04446320171279487 2.0706705821812528 2.087858084987166
0.047208969674541794 2.068026350980343 2.087858084987166
0.044597878785800106 2.0701080015721094 2.087858084987166
0.04006834450616542 2.0735117677643298 2.087858084987166
0.03921911718686413 2.07507048871399 2.087858084987166
0.042262969149823686 2.0746551435433163 2.087858084987166
0.0354944897940996 2.0789474656046196 2.087858084987166
0.041217261348259024 2.0749768357483838 2.087858084987166
0.03418684610339835 2.079273440864559 2.087858084987166
0.03326970976393726 2.0802695812050747 2.087858084987166
0.050308050343054675 2.0693848957021945 2.087858084987166
0.05108109589967679 2.0673926150211632 2.087858084987166
0.0467983831298823 2.070688796741951 2.087858084987166
0.05176599678051806 2.0654003343401315 2.087858084987166
0.052232307057244166 2.0660704994207086 2.087858084987166
0.05999825782279807 2.057159880038162 2.087858084987166
0.053884667822152246 2.0627561031392223 2.087858084987166
0.054865589936975385 2.0614339875387673 2.087858084987166
0.059492455757149024 2.0564897149575856 2.087858084987166
0.054364722243131054 2.0607638224581906 2.087858084987166
0.05284795029281293 2.0623116189796344 2.087858084987166
0.052024672079540674 2.063533440241139 2.087858084987166
0.05202266224019553 2.0652849781365568 2.087858084987166
0.045684848491918 2.071895556138831 2.087858084987166
0.04155343491740528 2.07486576259968 2.087858084987166
0.039437815655932074 2.07630323440371 2.087858084987166
0.051434333728301515 2.066396474680648 2.087858084987166
0.05353942902550645 2.064670017193952 2.087858084987166
0.06554085534068496 2.0513285570581967 2.087858084987166
0.06572951749226205 2.050254050091379 2.087858084987166
0.06748824257474886 2.047205477004228 2.087858084987166
0.06806822252329806 2.0448088544369556 2.087858084987166
0.06712018209968648 2.0453699295758003 2.087858084987166
0.06813510927616188 2.0426473317485887 2.087858084987166
0.07046463979804354 2.0344795382669543 2.087858084987166
0.0735761428088693 2.0356029831099005 2.087858084987166
0.07472128038675695 2.0358688063042365 2.087858084987166
0.07673004133673354 2.0343298053855747 2.087858084987166
0.07577554226053906 2.037390887227457 2.087858084987166
0.07620964068462383 2.035899529619667 2.087858084987166
0.07445934769849223 2.0371909219046915 2.087858084987166
0.07700243947467243 2.0317639408109667 2.087858084987166
0.07360499016561228 2.0399918863582047 2.087858084987166
0.07244133857286439 2.0429583822446205 2.087858084987166
0.07197285791594536 2.043284357504559 2.087858084987166
0.07531433438793464 2.03653526081038 2.087858084987166
0.07756348045580526 2.0324067548390787 2.087858084987166
0.07290633459189044 2.0437353654227834 2.087858084987166
0.07420658048587424 2.0417575887280175 2.087858084987166
0.07366469657137671 2.0442092140561723 2.087858084987166
0.07556584779713281 2.0407525885083477 2.087858084987166
0.07621728861337453 2.0403459130791055 2.087858084987166
0.07597391360676636 2.0416656951365595 2.087858084987166
0.07313372323495665 2.0467704115447782 2.087858084987166
0.0768550260980559 2.0399429482242963 2.087858084987166
0.07325698912306661 2.0466994660673423 2.087858084987166
0.06899514894119584 2.0533627749863532 2.087858084987166
0.05794065789988625 2.065462819690957 2.087858084987166
0.06475678257563201 2.0585532791697405 2.087858084987166
0.06639965513012087 2.0567484550567428 2.087858084987166
0.06337803760917401 2.0601976594557017 2.087858084987166
0.06495802403309503 2.058460070245706 2.087858084987166
0.06914740104211482 2.0532844083600517 2.087858084987166
0.06783638010534489 2.0550034446978813 2.087858084987166
0.07845045925948413 2.037720316958757 2.087858084987166
0.0834945763468642 2.0238715513208594 2.087858084987166
0.08133358378621067 2.0307773812676424 2.087858084987166
0.08193892909355911 2.029047213206513 2.087858084987166
0.08350908582044594 2.0238604195975594 2.087858084987166
0.08646464861466366 2.0031058240128776 2.087858084987166
0.08621507975874813 2.008285196472965 2.087858084987166
0.08509098429972005 2.0169249050553106 2.087858084987166
0.08587910570673306 2.0117344008719233 2.087858084987166
0.08588328396531007 2.0117306902974903 2.087858084987166
0.08607477424532316 2.0100005222363615 2.087858084987166
0.08650840305644947 2.0013496819307166 2.087858084987166
0.08510265003277447 1.9857695567757758 2.087858084987166
0.08623912310501437 1.994420397081421 2.087858084987166
0.08610211750007557 2.002363062041199 2.087858084987166
0.08601499130254922 1.9971639452530328 2.087858084987166
0.08626861492233466 2.0082359037561144 2.087858084987166
0.08638010563709497 2.0065143482997647 2.087858084987166
0.0854447127874099 2.01514796339585 2.087858084987166
0.08594180556031564 2.011679014668813 2.087858084987166
0.08629670753898784 2.008210065941775 2.087858084987166
0.0865381391456414 2.0047152794003993 2.087858084987166
0.08517836094939539 2.016852293642641 2.087858084987166
0.08654715785093466 1.9977773819463243 2.087858084987166
0.08641824741464246 2.008098102079641 2.087858084987166
0.08653595672729403 2.006367934018512 2.087858084987166
0.08670702422707462 2.0011515920207863 2.087858084987166
0.08672425275239333 2.001134366811227 2.087858084987166
0.08534016021035522 1.9854853408180497 2.087858084987166
0.08327485414846746 1.9768258879076255 2.087858084987166
0.08217049763756717 1.973374164390147 2.087858084987166
0.0815972118070058 1.9715923207003407 2.087858084987166
0.08095119585768293 1.9698535400344321 2.087858084987166
0.08220138151003006 1.973331101366249 2.087858084987166
0.08499328774947248 1.9837637853617005 2.087858084987166
0.08378473911697625 1.9785302181544153 2.087858084987166
0.08090396306782575 1.9699224408726688 2.087858084987166
0.08093939574295861 1.9698707652439913 2.087858084987166
0.08160324666816061 1.9715837080955612 2.087858084987166
0.07788930204231348 1.962958705604255 2.087858084987166
0.08502983056671153 1.986392197875578 2.087858084987166
0.08609666472109255 1.9950516507860023 2.087858084987166
0.08506063960389984 1.9889344843416592 2.087858084987166
0.08350879230299943 1.9828862187355532 2.087858084987166
0.08127143739290252 1.977718972372635 2.087858084987166
0.07999447556701492 1.9751482680983456 2.087858084987166
0.08018436390015597 1.9742586362503771 2.087858084987166
0.07981416602410582 1.9760120621319754 2.087858084987166
0.07564000481644254 1.96652068561317 2.087858084987166
0.07650771940930078 1.9673956722454486 2.087858084987166
0.07680066569893487 1.9718033484552633 2.087858084987166
0.07881341892412974 1.9830800212809157 2.087858084987166
0.07924888512502852 1.9961557630059343 2.087858084987166
0.08007268998763863 1.9943937245195562 2.087858084987166
0.07913276440264824 1.9900497891602402 2.087858084987166
0.07955869381200886 1.9935015126777182 2.087858084987166
0.07843076370635713 1.9917773772274996 2.087858084987166
0.08220083254971672 1.997764481976978 2.087858084987166
0.07936421268484085 1.9960437991438003 2.087858084987166
0.07601687492547939 2.0056454321540422 2.087858084987166
0.07153641390560013 2.013525509707935 2.087858084987166
0.06528222167216988 2.014514205448691 2.087858084987166
0.05961712062138948 2.015488255973758 2.087858084987166
0.06004462731280886 2.0188822712516488 2.087858084987166
0.0626109983527453 2.0257271374238464 2.087858084987166
0.0614517588332695 2.022296091732968 2.087858084987166
0.06190243420826791 2.0326357444465417 2.087858084987166
0.05879468739606222 2.0301089758193216 2.087858084987166
0.058509155975802925 2.035204854454827 2.087858084987166
0.057610137194751866 2.038585210244894 2.087858084987166
0.06357282497301504 2.0351857708942305 2.087858084987166
0.0611187401914843 2.0292046987556636 2.087858084987166
0.05501440781521538 2.0387796213283953 2.087858084987166
0.05502580563277361 2.0309757249544704 2.087858084987166
0.05829712884353148 2.03350249358169 2.087858084987166
0.05942022170161693 2.0326214743385016 2.087858084987166
0.06621820694751078 2.0222030604510906 2.087858084987166
0.06953159619139657 2.0160824413897065 2.087858084987166
0.06929160188160904 2.0212755255669625 2.087858084987166
0.07116203661363646 2.020371248503304 2.087858084987166
0.07019271890344222 2.0281608747691884 2.087858084987166
0.0680790289676321 2.0342349781896334 2.087858084987166
0.0703926025552876 2.0290186361919074 2.087858084987166
0.07356940551893057 2.0289488627304992 2.087858084987166
0.0756131247982 2.0289023470895606 2.087858084987166
0.07104224815845742 2.0419083153531705 2.087858084987166
0.06649091340977063 2.049721199439525 2.087858084987166
0.06888643341460707 2.0428125924168294 2.087858084987166
0.06890795352994218 2.043670353839549 2.087858084987166
0.07002120198897165 2.0445048574417988 2.087858084987166
0.06995679364232318 2.0419315731736405 2.087858084987166
0.07375097507496642 2.029806624153219 2.087858084987166
0.07584870730212251 2.0366454577145063 2.087858084987166
0.06995990708424007 2.047935903132677 2.087858084987166
0.07751725969285239 2.034025657805409 2.087858084987166
0.08164981794852086 2.021854193144049 2.087858084987166
0.0782370273293508 2.0322868771395 2.087858084987166
0.07518666521391751 2.040957522648574 2.087858084987166
0.07774016411936754 2.035741180650848 2.087858084987166
0.08082158508761275 2.0305015808326523 2.087858084987166
0.07739130766956752 2.0331678963826896 2.087858084987166
0.07319624531997984 2.0427195611349513 2.087858084987166
0.07411107495082869 2.040123019046324 2.087858084987166
0.07216727573491152 2.0461738646462995 2.087858084987166
0.06986608246469388 2.0496514259781162 2.087858084987166
0.07104727961847108 2.047912645312208 2.087858084987166
0.07001024915592755 2.0436470960190793 2.087858084987166
0.06773278873469486 2.047982418773616 2.087858084987166
0.07611449400758592 2.0314756313577194 2.087858084987166
0.07195518923051547 2.039311773264543 2.087858084987166
0.07242587819722487 2.0341419469077557 2.087858084987166
0.07347239985106022 2.0341186890872867 2.087858084987166
0.07932924300447254 2.012395559673664 2.087858084987166
0.08328494656968809 2.010563747725878 2.087858084987166
0.08421632463198356 2.0044663864849634 2.087858084987166
0.08516601447547227 1.9992267866667677 2.087858084987166
0.08412508485587145 2.0062051671508723 2.087858084987166
0.08272267749933658 2.011444766969067 2.087858084987166
0.0787182324500131 2.013276578916853 2.087858084987166
0.08060971258453473 1.9993430757691153 2.087858084987166
0.08103314340300571 1.994839303190872 2.087858084987166
0.07994067391294868 2.0087728063386097 2.087858084987166
0.08273078550906239 2.0091484761106786 2.087858084987166
0.08395034598195864 2.012724713804794 2.087858084987166
0.08312852584749296 2.0189440092284765 2.087858084987166
0.08198399115041885 2.022009252371051 2.087858084987166
0.08223876174518427 2.023869967219727 2.087858084987166
0.08578059850415337 2.008788318642795 2.087858084987166
0.08618474890258392 1.9964716619781981 2.087858084987166
0.08526464243957828 1.9922815312268987 2.087858084987166
0.08760298626025219 2.0007837269122652 2.087858084987166
0.0871434299190082 1.9958577689210142 2.087858084987166
0.08468428678350273 1.9774437510155023 2.087858084987166
0.08468428678350275 1.9774437510155018 2.087858084987166
0.08570263088698121 1.9829504770197024 2.087858084987166
0.0825530356367852 1.9703434363486303 2.087858084987166
0.08105437075212217 1.9642559423314805 2.087858084987166
0.07848634377991501 1.9590396003337551 2.087858084987166
0.07790929410589664 1.9567200516548968 2.087858084987166
0.07007802571002505 1.9436774349741126 2.087858084987166
0.06511469746170957 1.9391870529925739 2.087858084987166
0.06694165869770104 1.9404902576487706 2.087858084987166
0.0651868892975419 1.9390418609893363 2.087858084987166
0.07220619697573186 1.9481713403285914 2.087858084987166
0.07073987742269033 1.946722943669158 2.087858084987166
0.07327330621822194 1.9502005050009752 2.087858084987166
0.07098442654647245 1.9462873676594454 2.087858084987166
0.07245450441295746 1.9477357643188793 2.087858084987166
0.07023039810310175 1.943387050967638 2.087858084987166
0.06869534793650262 1.9417934623049666 2.087858084987166
0.06920484398031698 1.9407771182823053 2.087858084987166
0.07572681347855785 1.9497614056183232 2.087858084987166
0.08206568653378411 1.9628040222991072 2.087858084987166
0.08007228722766765 1.9597620369770015 2.087858084987166
0.07556214452282499 1.9536780663327915 2.087858084987166
0.07496904035828192 1.9510681336474593 2.087858084987166
0.0723721212103564 1.9478809563221164 2.087858084987166
0.07395022388463038 1.9490389689750756 2.087858084987166
0.0763587054411679 1.9523713383036556 2.087858084987166
0.08186648288584536 1.963094406305582 2.087858084987166
0.08407615544445252 1.97092068098864 2.087858084987166
0.08689112227315328 1.9858472703385706 2.087858084987166
0.08683024197393738 1.983818105666187 2.087858084987166
0.08757689962854773 1.9871504749947666 2.087858084987166
0.08783263095376416 1.9888892556606754 2.087858084987166
0.08913966632289433 2.0056962943068113 2.087858084987166
0.09013061756215414 1.997870019623753 2.087858084987166
0.08913966632289434 2.0056962943068113 2.087858084987166
0.08941321541165108 2.0020735409717565 2.087858084987166
0.08871746418045477 2.0093190476418656 2.087858084987166
0.08723497587617755 2.0167097463152124 2.087858084987166
0.08263205771824934 2.0298975549992337 2.087858084987166
0.08279611277992109 2.0284491583397997 2.087858084987166
0.0838723919256454 2.024971597007983 2.087858084987166
0.08498870771880315 2.021348843672928 2.087858084987166
0.08575009455456777 2.0178712823411113 2.087858084987166
0.08377059493072561 2.026419993667417 2.087858084987166
0.08577051537635066 2.019319679000545 2.087858084987166
0.08705159845540983 2.0168549383184495 2.087858084987166
0.08447858758031718 2.027287622313901 2.087858084987166
0.08765847904879523 2.0121932384316104 2.087858084987166
0.08610127547614098 2.01943874510172 2.087858084987166
0.08177012398077281 2.0324552358804406 2.087858084987166
0.08118329155623963 2.0312223688942335 2.087858084987166
0.07853135205635171 2.0339026392495545 2.087858084987166
0.07956525298580287 2.030979720028624 2.087858084987166
0.07119991018170597 2.049190943566268 2.087858084987166
0.0826092355272579 2.0299417667671595 2.087858084987166
0.07793053540947918 2.0374289290125573 2.087858084987166
0.07787963980581517 2.042042893758531 2.087858084987166
0.07563901674420324 2.042720125343532 2.087858084987166
0.08000897491672881 2.0380106903158275 2.087858084987166
0.08309693127262144 2.0309103756489555 2.087858084987166
0.08288093403883157 2.033661976964586 2.087858084987166
0.08728963256633084 2.01960653963408 2.087858084987166
0.0893840933789057 2.010331868291588 2.087858084987166
0.08984401042634275 2.0067091149565335 2.087858084987166
0.08929762019097719 2.01351904561693 2.087858084987166
0.08935507867657143 2.011925456954259 2.087858084987166
0.09056954055839649 2.004389566277675 2.087858084987166
0.09034103189292708 1.9881597722715485 2.087858084987166
0.08822062747342417 1.9754075395972388 2.087858084987166
0.08844595000294003 1.9751171555907643 2.087858084987166
0.09004069455275536 1.9800431135820153 2.087858084987166
0.09162903923319611 1.986707852239175 2.087858084987166
0.09098413172730624 1.976562028877258 2.087858084987166
0.09195934386588074 1.9842431115570793 2.087858084987166
0.09290201563771691 1.9872850968791844 2.087858084987166
0.09351905168403389 1.99250143887691 2.087858084987166
0.09169458170270367 2.0098927689089354 2.087858084987166
0.09049928347637322 2.0125027015942685 2.087858084987166
0.09032929616554684 2.0126478935975056 2.087858084987166
0.08789609106331685 2.0248193582588656 2.087858084987166
0.0854900882250797 2.031919672925737 2.087858084987166
0.09103332430382294 2.0151091109066614 2.087858084987166
0.09074522562856324 2.01684789157257 2.087858084987166
0.09352340350543448 1.9943854115460562 2.087858084987166
0.0933462206243285 1.9907626582110014 2.087858084987166
0.0919602876732262 1.9798943982058381 2.087858084987166
0.09257541944266025 1.981342794865272 2.087858084987166
0.09347673692681788 1.9906174662077643 2.087858084987166
0.09264354279566607 2.00742802822684 2.087858084987166
0.0931530438311589 1.9869947128727097 2.087858084987166
0.09327586553918263 1.9982985488875855 2.087858084987166
0.09301211413801524 1.9891690695483302 2.087858084987166
0.09198551811859149 1.9820687548814586 2.087858084987166
0.09283758627500047 1.9951113715622426 2.087858084987166
0.09262417794977743 1.9896046455580427 2.087858084987166
0.09200745795314719 1.9862722762294625 2.087858084987166
0.09066647480671357 1.9814915102414488 2.087858084987166
0.08992226563418111 1.9801883055852525 2.087858084987166
0.08950362035996343 1.9784495249193434 2.087858084987166
0.08529777967802854 1.9638133195758882 2.087858084987166
0.08868143500230481 1.972362030902194 2.087858084987166
0.08652524024059012 1.9648261402256102 2.087858084987166
0.08809787551709224 1.9680133175509527 2.087858084987166
0.08653134592342242 1.9619258235338026 2.087858084987166
0.0892226560191608 1.9741008115681027 2.087858084987166
0.08809787551709222 1.9680133175509524 2.087858084987166
0.08862459900376451 1.9698972902200986 2.087858084987166
0.09087249451146862 1.9767072208804957 2.087858084987166
0.09085887896432632 1.9790267695593535 2.087858084987166
0.0869124375254232 1.9642453722126607 2.087858084987166
0.09039130917256971 1.974968440214587 2.087858084987166
0.09207713247930438 1.9977213042475759 2.087858084987166
0.09146659626136451 1.9848238795700288 2.087858084987166
0.08893349471222324 1.9694617142103867 2.087858084987166
0.0888308861382927 1.969606906213624 2.087858084987166
0.086063888917039 1.9626517835499897 2.087858084987166
0.08729405370103749 1.963664604199711 2.087858084987166
0.09025282748884386 1.9701841508536335 2.087858084987166
0.0908263839102862 1.9719229315195423 2.087858084987166
0.09312126538058844 1.9849655482003263 2.087858084987166
0.09360684604605377 1.9904722742045267 2.087858084987166
0.09326871175772668 1.9888786855418552 2.087858084987166
0.09327655517819772 2.0035148908853104 2.087858084987166
0.09365928909888181 1.9942402195428184 2.087858084987166
0.09392979725697438 1.9939498355363434 2.087858084987166
0.0935266323697778 1.9865591368629976 2.087858084987166
0.09360618201755506 1.9843847801873766 2.087858084987166
0.09304056949683043 1.980762026852322 2.087858084987166
0.09085916069143986 1.9693129988342093 2.087858084987166
0.09340032925122067 1.9825008075182309 2.087858084987166
0.09340032925122066 1.9825008075182304 2.087858084987166
0.09264678582630034 1.9790232461864137 2.087858084987166
0.09390320979141001 1.9881527255256686 2.087858084987166
0.09287267504919544 1.978732862179939 2.087858084987166
0.09365060174373104 1.988443109532143 2.087858084987166
0.09328234029260939 1.9826459995214682 2.087858084987166
0.09124050520954846 1.9713421635065924 2.087858084987166
0.09023553477472188 1.9675742181683007 2.087858084987166
0.09144547944331347 1.971051779500118 2.087858084987166
0.09372645688262224 1.9842395881841395 2.087858084987166
0.09372645688262224 1.9842395881841395 2.087858084987166
0.09372645688262224 1.9842395881841395 2.087858084987166
0.09389671398367913 1.9861235608532855 2.087858084987166
0.09266005045734146 2.0106152055521824 2.087858084987166
0.08985976917482186 2.021919041567058 2.087858084987166
0.08713246298419536 2.029454932243642 2.087858084987166
0.09144547944331347 2.0162671235596203 2.087858084987166
0.09419863345729741 1.9936594515298691 2.087858084987166
0.09419863345729741 1.9936594515298691 2.087858084987166
0.09417979184625638 1.9917754788607231 2.087858084987166
0.09402892303998525 1.9993113695373068 2.087858084987166
0.09266005045734146 2.0106152055521824 2.087858084987166
0.0909590121162562 2.0181510962287663 2.087858084987166
0.0885867909058375 2.02568698690535 2.087858084987166
0.09043068811900551 2.0200350688979123 2.087858084987166
0.0885867909058375 2.0256869869053498 2.087858084987166
0.08788283203994658 2.0275709595744957 2.087858084987166
0.09351794392827009 2.0049632875447445 2.087858084987166
0.09402892303998525 1.9880075335224314 2.087858084987166
0.09412324438282985 1.9974273968681608 2.087858084987166
0.09043068811900551 2.020035068897912 2.087858084987166
0.09266005045734146 2.010615205552183 2.087858084987166
0.09095901211625623 2.0181510962287668 2.087858084987166
0.09266005045734146 2.0106152055521824 2.087858084987166
0.09351794392827009 2.004963287544745 2.087858084987166
0.09327091855093908 2.0068472602138905 2.087858084987166
0.09043068811900551 2.020035068897912 2.087858084987166
0.09095901211625623 2.018151096228766 2.087858084987166
0.09095901211625619 2.0181510962287663 2.087858084987166
0.09417979184625637 1.995543424199015 2.087858084987166
0.0941986334572974 1.9936594515298691 2.087858084987166
0.09419863345729741 1.9936594515298691 2.087858084987166
0.09417979184625638 1.995543424199015 2.087858084987166
0.09351794392827008 2.004963287544745 2.087858084987166
0.09298507381329854 2.0087312328830365 2.087858084987166
0.09144547944331347 2.0162671235596203 2.087858084987166
0.0922954345751369 2.0124991782213284 2.087858084987166
0.09189075486703496 2.0143831508904744 2.087858084987166
0.09144547944331347 2.0162671235596203 2.087858084987166
0.09412324438282985 1.9974273968681608 2.087858084987166
0.09412324438282986 1.9898915061915772 2.087858084987166
0.09298507381329854 1.9785876701767018 2.087858084987166
0.09298507381329853 1.9785876701767016 2.087858084987166
0.09298507381329855 1.9785876701767018 2.087858084987166
0.0909590121162562 1.969167806830972 2.087858084987166
0.09095901211625622 1.9691678068309721 2.087858084987166
0.08924543782508722 1.963515888823534 2.087858084987166
0.08548753046055933 1.9540960254778041 2.087858084987166
0.08364074843432022 1.9503280801395124 2.087858084987166
0.0885867909058375 1.9616319161543878 2.087858084987166
0.09298507381329853 1.9785876701767011 2.087858084987166
0.0932709185509391 1.9804716428458473 2.087858084987166
0.09417979184625637 1.995543424199015 2.087858084987166
0.09327091855093908 1.980471642845847 2.087858084987166
0.09189075486703498 1.972935752169264 2.087858084987166
0.09298507381329853 1.9785876701767016 2.087858084987166
0.0932709185509391 1.9804716428458478 2.087858084987166
0.0932709185509391 1.9804716428458478 2.087858084987166
0.09417979184625637 1.995543424199015 2.087858084987166
0.09417979184625637 1.9917754788607231 2.087858084987166
0.09402892303998525 1.9993113695373068 2.087858084987166
0.09412324438282987 1.9898915061915772 2.087858084987166
0.09372645688262222 2.0030793148755985 2.087858084987166
0.09372645688262224 2.0030793148755985 2.087858084987166
0.09298507381329854 2.0087312328830365 2.087858084987166
0.09372645688262222 2.0030793148755985 2.087858084987166
0.09266005045734146 2.0106152055521824 2.087858084987166
0.09298507381329854 2.0087312328830365 2.087858084987166
0.09266005045734146 2.0106152055521824 2.087858084987166
0.09419863345729741 1.9936594515298691 2.087858084987166
0.09412324438282986 1.9974273968681608 2.087858084987166
0.09412324438282986 1.9898915061915772 2.087858084987166
0.09412324438282986 1.9974273968681608 2.087858084987166
0.09372645688262222 2.0030793148755985 2.087858084987166
0.09298507381329854 2.0087312328830365 2.087858084987166
0.0935179439282701 2.0049632875447445 2.087858084987166
0.09372645688262222 2.0030793148755985 2.087858084987166
0.09298507381329854 2.0087312328830365 2.087858084987166
0.09189075486703498 2.0143831508904744 2.087858084987166
0.09327091855093908 2.0068472602138905 2.087858084987166
0.09402892303998525 1.9993113695373068 2.087858084987166
0.09412324438282986 1.9974273968681608 2.087858084987166
0.09351794392827009 2.0049632875447445 2.087858084987166
0.09402892303998525 1.9993113695373068 2.087858084987166
0.09402892303998525 1.9880075335224314 2.087858084987166
0.09402892303998525 1.9880075335224314 2.087858084987166
0.09417979184625637 1.9917754788607231 2.087858084987166
0.09266005045734146 1.9767036975075554 2.087858084987166
0.08788283203994657 1.9597479434852425 2.087858084987166
0.09266005045734148 1.9767036975075554 2.087858084987166
0.09419863345729741 1.9936594515298691 2.087858084987166
0.09389671398367914 1.9861235608532852 2.087858084987166
0.09402892303998525 1.9880075335224314 2.087858084987166
0.09327091855093908 2.0068472602138905 2.087858084987166
0.09412324438282986 1.9898915061915772 2.087858084987166
0.09298507381329855 1.9785876701767018 2.087858084987166
0.09144547944331347 1.9710517795001181 2.087858084987166
0.09389671398367913 1.9861235608532855 2.087858084987166
0.0932709185509391 1.9804716428458478 2.087858084987166
0.0904306881190055 1.967283834161826 2.087858084987166
0.08985976917482187 1.9653998614926798 2.087858084987166
0.0878828320399466 1.959747943485242 2.087858084987166
0.07928369438311673 1.9427921894629288 2.087858084987166
0.07237986636281686 1.9333723261171991 2.087858084987166
0.0815784095757983 1.9465601348012205 2.087858084987166
0.0780428714171933 1.9409082167937828 2.087858084987166
0.08548753046055933 1.9540960254778041 2.087858084987166
0.08548753046055933 1.9540960254778041 2.087858084987166
0.08364074843432022 1.9503280801395124 2.087858084987166
0.08713246298419536 1.9578639708160963 2.087858084987166
0.0836407484343202 1.9503280801395124 2.087858084987166
0.07535890676583792 1.937140271455491 2.087858084987166
0.07673575865924243 1.9390242441246368 2.087858084987166
0.07390841829479797 1.935256298786345 2.087858084987166
0.07076819277417962 1.9314883534480531 2.087858084987166
0.06335864789796697 1.9239524627714693 2.087858084987166
0.044741871912137805 1.9107646540874474 2.087858084987166
8.881784197001252e-16 1.899460818072572 1.8994608180725712
7.002893991000843e-15 1.8994608180725583 1.8994608180725712
1.8671614511160356e-14 1.8994608180725285 1.8994608180725687
4.941228894216168e-14 1.8994608180724506 1.8994608180725339
1.2095946446108833e-13 1.8994608180722634 1.8994608180725137
3.0897958600472173e-13 1.8994608180717605 1.8994608180724724
8.48866704194451e-13 1.899460818070523 1.8994608180722365
2.3191253786725096e-12 1.8994608180666546 1.8994608180719665
6.250194983287356e-12 1.8994608180580799 1.8994608180719665
1.676169293940391e-11 1.899460818030646 1.8994608180630839
3.967450976571678e-11 1.8994608179625316 1.8994608180464931
9.973155178739749e-11 1.8994608177874936 1.899460817991419
2.680432609545317e-10 1.8994608173789889 1.8994608179372756
6.876366277440484e-10 1.8994608163611353 1.8994608176113763
1.6833207698162779e-09 1.899460813683434 1.899460817077743
4.038090239158496e-09 1.8994608061456453 1.8994608155172328
1.1224525596391425e-08 1.8994607894798026 1.8994608121468624
2.887731778526084e-08 1.899460743948142 1.8994608003393305
6.748903504496898e-08 1.89946063296673 1.8994607672909578
1.8115156916520243e-07 1.8994603423008614 1.899460700749068
5.001317954067991e-07 1.8994595824786191 1.899460447588812
1.2753407575097298e-06 1.89945771094305 1.8994599198988724
3.2918632288380135e-06 1.8994525148783756 1.8994594101818145
8.420139138242925e-06 1.899440650800118 1.8994563436228595
2.4238101800253056e-05 1.8994021392510063 1.8994510338614512
6.0671772380030264e-05 1.899306029421223 1.899439603635578
0.00016142202280306135 1.8990702734548774 1.8993762641517256
0.00042989816689295953 1.8983930721687892 1.8992255172813244
0.0007243710948570196 1.897901356377148 1.8991547908038204
0.0006944109081123645 1.8977548837166425 1.8991547908038204
0.0007112133026760969 1.897513082058399 1.8991547908038204
0.0006501150803440779 1.8973639081756222 1.8991547908038204
0.0006787278367396366 1.8972627369444472 1.8991547908038204
0.0007005727999302191 1.89717407455414 1.8991547908038204
0.0005764154418855958 1.89704815211898 1.8991547908038204
0.0005436485916929333 1.8969924803443763 1.8984526231276873
0.00046940303426837705 1.8968937696688473 1.898285436648492
0.0005093271961254065 1.8969125392221113 1.898285436648492
0.0004813804558924889 1.8968201708893875 1.898285436648492
0.0004161983588108629 1.896746238719626 1.8976261147289117
0.0003625385334093719 1.8966538057531357 1.8975470593676136
0.00033985998874333284 1.8966417373725861 1.8975470593676136
0.0003523417777346934 1.8966349126237123 1.8975470593676136
0.0003200541868598139 1.89658633540857 1.8975470593676136
0.0002830315273651106 1.8965662797597493 1.8973721731799575
0.000260427750472107 1.8965294765865832 1.8973721731799575
0.0002377400482601692 1.8964987706963796 1.8973721731799575
0.0001883941054462803 1.8964680197773058 1.8973721731799575
0.00012803844545705617 1.896427099810278 1.89704921728785
9.65482049827279e-05 1.8964157611928332 1.8966973177696553
9.210069389203165e-05 1.8964052841839878 1.8966973177696553
8.743631244859934e-05 1.8963962740277984 1.8966973177696553
7.426095080239249e-05 1.8963834094879344 1.896635176693417
6.699884009336614e-05 1.8963756483652094 1.896635176693417
5.235925588179946e-05 1.896369686178214 1.896635176693417
4.5316716036649404e-05 1.8963648881971507 1.8965649845208232
4.588516884560766e-05 1.8963636041448746 1.8965649845208232
4.6060844662352156e-05 1.8963592797609405 1.8965649845208232
4.842810610618389e-05 1.8963581539283982 1.8965649845208232
3.875702719052495e-05 1.8963521406339086 1.8965649845208232
3.5861787673298406e-05 1.8963469834919158 1.8965649845208232
2.757267358559276e-05 1.8963442796376797 1.8964285586729142
2.5089068571851715e-05 1.8963391683478357 1.8964285586729142
2.513593649540333e-05 1.8963381367739243 1.8964285586729142
2.596316962546397e-05 1.896337724214481 1.8964285586729142
2.2830175481831384e-05 1.8963344169158804 1.8964285586729142
2.2698715068018055e-05 1.8963325964637199 1.896406312618138
2.1367372536125118e-05 1.8963312335977427 1.896406312618138
2.226950986373051e-05 1.8963337085406025 1.896406312618138
1.9414365437400234e-05 1.896330185796029 1.896406312618138
1.847590701737713e-05 1.8963289872656042 1.896406312618138
1.3571641120372304e-05 1.896327081605329 1.896376540798451
9.869737843787995e-06 1.896323962933459 1.8963495286813201
1.0524776400033734e-05 1.8963248441090133 1.8963495286813201
9.081745391645474e-06 1.896324388970623 1.8963495286813201
8.09769306000404e-06 1.896323542967937 1.8963495286813201
6.4558650232867056e-06 1.896322340982378 1.8963479827508638
4.610535849200136e-06 1.8963210571839346 1.8963413040450143
3.83977441871975e-06 1.8963209274752555 1.8963403282892615
3.3713634328383317e-06 1.896321068778765 1.8963314794587922
2.992216857577695e-06 1.8963205772622143 1.8963314794587922
2.67049603159624e-06 1.8963201991221184 1.896326056413006
2.5106087278484404e-06 1.8963199466919503 1.896326056413006
2.348522000768836e-06 1.8963198213625776 1.896326056413006
2.2496404759294556e-06 1.896319600670783 1.896326056413006
1.833026416071571e-06 1.896319499302158 1.8963253514053573
2.079334806403534e-06 1.8963195961598986 1.8963253514053573
2.2692901599289914e-06 1.8963195736006668 1.8963253514053573
1.9752803106897134e-06 1.8963192279142134 1.8963253514053573
2.0755147637150645e-06 1.8963192632377328 1.8963253514053573
1.7211793369436546e-06 1.89631899386393 1.8963253514053573
1.6958607355985051e-06 1.8963189799780136 1.896323591831848
1.6531179126722183e-06 1.89631876162687 1.896323591831848
1.6047532789278977e-06 1.896318615725204 1.896323591831848
1.5910422038880056e-06 1.896318607066754 1.896323591831848
1.413291905446607e-06 1.8963185323095713 1.8963234800540893
1.1626988492948988e-06 1.8963183867335374 1.8963234800540893
9.753682475324882e-07 1.8963183221384037 1.8963206248422952
9.641953161753985e-07 1.8963182617046022 1.8963206248422952
8.441680373596916e-07 1.896318094776318 1.8963204444335338
4.862531954168845e-07 1.896317831545481 1.8963199487278088
4.561991101463712e-07 1.8963178028509429 1.8963197562071183
4.561991101463712e-07 1.8963178028509429 1.8963197562071183
3.659303848726217e-07 1.8963177906502187 1.8963191926609548
3.4785917720507634e-07 1.896317776054697 1.896318439639839
3.3706002733442133e-07 1.896317756815577 1.896318439639839
3.414105826734758e-07 1.8963177473951622 1.896318439639839
3.4717896674004964e-07 1.8963177570147223 1.896318439639839
3.176028100029849e-07 1.8963176994965085 1.896318439639839
3.4244909750387153e-07 1.896317745040059 1.896318439639839
3.2035485645072997e-07 1.8963177320021802 1.896318439639839
3.1261969925676673e-07 1.8963177136271299 1.896318439639839
3.0587981907165646e-07 1.8963177301128546 1.896318439639839
2.763370535997623e-07 1.896317715031387 1.896318439639839
2.783091928933177e-07 1.8963177106745888 1.896318439639839
2.8202552427033433e-07 1.8963177012541745 1.896318439639839
2.442738454329143e-07 1.8963176500104124 1.896318439639839
2.3233667916418159e-07 1.89631763481063 1.896318439639839
2.3445856857976588e-07 1.8963176132438258 1.896318439639839
2.1983904446677811e-07 1.8963176139265834 1.896318439639839
1.3825021416010608e-07 1.8963175562568773 1.896318439639839
1.0820108521136316e-07 1.8963175501057612 1.8963177131941924
9.909344999181874e-08 1.8963175369579677 1.8963177131941924
8.057201028900483e-08 1.8963175182716758 1.8963177131941924
8.812732559124364e-08 1.8963175271585064 1.8963177131941924
8.372296606639348e-08 1.8963175205068534 1.8963177131941924
7.776801109075299e-08 1.8963175126433234 1.8963177131941924
7.807527481696381e-08 1.8963175179158052 1.8963177131941924
5.749948819640947e-08 1.89631750294239 1.8963177131941924
3.921926248882724e-08 1.8963174931641 1.8963177131941924
3.0970974924480874e-08 1.896317488140237 1.8963177131941924
2.1138099717340304e-08 1.8963174858876874 1.8963175836996773
1.927388718659964e-08 1.8963174867070458 1.8963175449488558
2.314035085646671e-08 1.8963174923440544 1.8963175449488558
2.402765359490005e-08 1.8963174939852694 1.8963175449488558
2.3093721016766146e-08 1.8963174936082112 1.8963175449488558
2.1999722268029345e-08 1.896317494010213 1.8963175449488558
2.1209380648828085e-08 1.896317495131347 1.8963175449488558
1.999612215343271e-08 1.8963174937082505 1.8963175449488558
2.2613930691921337e-08 1.8963174965701475 1.8963175449488558
2.044419183793278e-08 1.8963174955695157 1.8963175449488558
1.821293952295086e-08 1.8963174921043402 1.8963175449488558
1.91606880222916e-08 1.8963174933388216 1.8963175449488558
1.8189382765619625e-08 1.8963174907165727 1.8963175449488558
1.750360872677794e-08 1.8963174903488267 1.8963175449488558
1.9112942395622268e-08 1.8963174907632767 1.8963175449488558
1.7517191984227157e-08 1.8963174923696762 1.8963175449488558
1.7915699771683745e-08 1.8963174948191075 1.8963175449488558
1.682612565016839e-08 1.896317494024473 1.8963175449488558
1.7043941983534326e-08 1.8963174944822916 1.8963175449488558
1.7649479830721947e-08 1.896317493301923 1.8963175449488558
1.738454649433695e-08 1.8963174909716962 1.8963175449488558
1.7150473727156606e-08 1.8963174901859547 1.8963175449488558
1.600436843286463e-08 1.8963174874391304 1.8963175449488558
1.2786514545338816e-08 1.8963174845427242 1.8963175255407176
1.1754873253021612e-08 1.8963174838339367 1.8963175255407176
1.0793684449075004e-08 1.8963174826987097 1.8963175255407176
1.0024874022793208e-08 1.896317482622171 1.8963175074552427
1.0209347866380345e-08 1.896317482469265 1.8963175074552427
1.0925087995607688e-08 1.8963174836873575 1.8963175074552427
1.1268247831912952e-08 1.8963174849494078 1.8963175074552427
1.0754171079544778e-08 1.8963174835753458 1.8963175074552427
1.0529099231873002e-08 1.8963174828104021 1.8963175074552427
1.0965732694866101e-08 1.8963174834229801 1.8963175074552427
1.0705414055344147e-08 1.8963174832243184 1.8963175074552427
1.0312745906393174e-08 1.8963174826717353 1.8963175074552427
9.789296292894415e-09 1.8963174821426738 1.8963174953299056
9.924122302569237e-09 1.8963174824629192 1.8963174953299056
1.0127888431164134e-08 1.8963174840253116 1.8963174953299056
1.0226235406016376e-08 1.8963174854682712 1.8963174953299056
1.01932178015542e-08 1.8963174840187325 1.8963174953299056
1.0073543980156157e-08 1.8963174835029577 1.8963174953299056
1.0032976069469727e-08 1.8963174838643695 1.8963174953299056
9.861835088703378e-09 1.8963174839742905 1.8963174953299056
1.0029050015568781e-08 1.8963174848444608 1.8963174953299056
9.923939458017062e-09 1.8963174842933157 1.8963174953299056
9.995862836319242e-09 1.8963174844778936 1.8963174953299056
9.456532826233464e-09 1.8963174862278658 1.8963174953299056
9.792293450417788e-09 1.8963174833183112 1.8963174953299056
9.42513452588e-09 1.8963174838338255 1.8963174953299056
9.220915317595746e-09 1.8963174833498047 1.8963174953299056
8.890345629213857e-09 1.8963174825064706 1.8963174953299056
8.746380107007455e-09 1.8963174819353958 1.8963174953299056
8.431658569334675e-09 1.8963174812234458 1.8963174953299056
8.311999501102997e-09 1.8963174823817723 1.8963174953299056
8.243681146116214e-09 1.8963174831243221 1.8963174953299056
8.173162165386722e-09 1.8963174832053427 1.896317492123189
8.255309764059687e-09 1.8963174825950386 1.8963174909004927
8.002168302459696e-09 1.8963174845888815 1.8963174909004927
7.825064682290276e-09 1.896317485223737 1.8963174909004927
7.570657711858144e-09 1.8963174858577962 1.8963174909004927
7.547026982692582e-09 1.8963174858335765 1.8963174909004927
7.759062789168264e-09 1.8963174852991227 1.8963174909004927
7.69397497597714e-09 1.8963174855047813 1.8963174909004927
7.1997116051296355e-09 1.8963174865574808 1.8963174909004927
7.139175819350333e-09 1.8963174867018406 1.8963174909004927
7.570658440171106e-09 1.8963174858995355 1.8963174909004927
8.02767435711621e-09 1.8963174844271615 1.8963174909004927
7.931564386594663e-09 1.896317484934307 1.8963174909004927
8.14720190159794e-09 1.896317484110454 1.8963174909004927
8.132053385037304e-09 1.896317484262195 1.8963174909004927
8.20067686998041e-09 1.8963174836331484 1.8963174909004927
8.09959884597205e-09 1.8963174840703925 1.8963174909004927
7.974293276781168e-09 1.8963174847160027 1.8963174909004927
8.086560690261289e-09 1.89631748443602 1.8963174909004927
8.224101741728051e-09 1.8963174839035022 1.8963174909004927
7.875350644304396e-09 1.8963174853740687 1.8963174909004927
8.020878688167655e-09 1.8963174848857205 1.8963174909004927
8.02087868816767e-09 1.89631748488572 1.8963174909004927
8.141365448024044e-09 1.8963174843918509 1.8963174909004927
7.991776094800903e-09 1.896317484907805 1.8963174909004927
7.993355642853382e-09 1.8963174848507456 1.8963174909004927
7.779808781975779e-09 1.8963174855644573 1.8963174909004927
7.892846891053396e-09 1.8963174851782751 1.8963174909004927
8.013618654114628e-09 1.8963174848912416 1.8963174909004927
8.04087024356677e-09 1.896317484739501 1.8963174909004927
8.313978310641664e-09 1.8963174825691496 1.8963174909004927
8.303762959100467e-09 1.8963174829057576 1.8963174909004927
8.333124643906212e-09 1.8963174825104898 1.8963174909004927
8.26725315046964e-09 1.8963174821511608 1.8963174909004927
8.215710890217553e-09 1.8963174834765437 1.8963174909004927
8.278284141363902e-09 1.896317482913712 1.8963174909004927
8.133196751424473e-09 1.8963174838787302 1.8963174909004927
8.09267846846859e-09 1.896317483664103 1.8963174909004927
7.868110069943595e-09 1.8963174847544473 1.8963174909004927
7.824104336971082e-09 1.8963174847118693 1.8963174909004927
7.475035731486847e-09 1.8963174856796068 1.8963174909004927
7.493398626139797e-09 1.8963174857393352 1.8963174909004927
7.2744409914276745e-09 1.8963174859064122 1.8963174909004927
7.338722858652791e-09 1.8963174854027656 1.8963174909004927
7.810841884177574e-09 1.896317483973459 1.8963174909004927
7.965049646639204e-09 1.896317482615201 1.8963174909004927
7.876509170990874e-09 1.896317482330565 1.8963174909004927
7.841436826334477e-09 1.8963174826350662 1.8963174909004927
7.775764132251061e-09 1.8963174816039288 1.8963174909004927
7.880258605536459e-09 1.8963174821805067 1.8963174909004927
8.094684166841998e-09 1.8963174816393493 1.8963174909004927
7.95320126570969e-09 1.8963174829458262 1.8963174909004927
8.04698301394136e-09 1.8963174823671096 1.8963174909004927
7.954915519179018e-09 1.8963174833223355 1.8963174909004927
8.088810929054034e-09 1.8963174824234479 1.8963174909004927
8.103636431790564e-09 1.8963174829631597 1.8963174909004927
8.141507960811774e-09 1.8963174831975826 1.8963174909004927
7.896407598364251e-09 1.8963174840451251 1.8963174909004927
7.78087596548975e-09 1.8963174843156136 1.8963174909004927
7.77071818015463e-09 1.896317483876809 1.8963174909004927
7.952376008452585e-09 1.8963174831344687 1.8963174909004927
8.061908499397131e-09 1.896317482392128 1.8963174909004927
7.9303661457929e-09 1.8963174810425771 1.8963174909004927
7.889001307125482e-09 1.8963174805971992 1.8963174909004927
8.003709435749568e-09 1.8963174821612319 1.8963174909004927
8.056823056459534e-09 1.8963174817519721 1.8963174909004927
7.738650414236472e-09 1.896317480460707 1.8963174909004927
7.634453656016401e-09 1.8963174813221957 1.8963174909004927
7.501041776998435e-09 1.8963174806489804 1.8963174909004927
7.3153220431953415e-09 1.8963174808894143 1.8963174909004927
7.044248719075997e-09 1.8963174795399769 1.8963174909004927
7.022727607829657e-09 1.8963174796421614 1.8963174909004927
7.243402493126132e-09 1.8963174798074605 1.8963174909004927
7.410538831685454e-09 1.8963174803123721 1.8963174909004927
7.453885499615394e-09 1.8963174799727591 1.8963174909004927
7.427878478952818e-09 1.8963174807181047 1.8963174909004927
7.005407051876114e-09 1.8963174791673043 1.8963174909004927
6.9557008166333664e-09 1.8963174786924468 1.8963174909004927
6.861249503288369e-09 1.896317478524143 1.8963174909004927
6.598846396808542e-09 1.8963174782566603 1.8963174909004927
6.6003300817702294e-09 1.8963174781544756 1.8963174909004927
6.6002316074977576e-09 1.8963174780522913 1.8963174909004927
6.654829740287617e-09 1.8963174779831662 1.8963174909004927
6.817677771937146e-09 1.8963174782867145 1.8963174909004927
7.0138417932928656e-09 1.896317478623322 1.8963174909004927
6.466077528044492e-09 1.8963174775774336 1.8963174909004927
6.066356537744029e-09 1.8963174771747062 1.8963174909004927
5.9147924007824495e-09 1.8963174770064024 1.8963174909004927
5.5841728918632214e-09 1.8963174766697943 1.8963174909004927
5.338351467946781e-09 1.8963174762971216 1.8963174909004927
5.302557027187802e-09 1.8963174761949368 1.8963174909004927
4.483391900686364e-09 1.8963174755547814 1.8963174909004927
3.83671443150582e-09 1.8963174751159892 1.8963174909004927
3.356321725051831e-09 1.8963174749146254 1.8963174909004927
5.244733206442138e-09 1.8963174764353716 1.8963174909004927
4.5938378673903235e-09 1.8963174757591503 1.8963174909004927
4.63788985998457e-09 1.8963174756900256 1.8963174909004927
4.921251388366712e-09 1.896317475960514 1.8963174909004927
4.253794200701064e-09 1.8963174753173526 1.8963174909004927
4.253794200701076e-09 1.8963174753173524 1.8963174909004927
3.399237615006159e-09 1.8963174748455005 1.8963174909004927
3.1057912603821902e-09 1.8963174747793812 1.8963174909004927
1.674602879164738e-09 1.8963174742384044 1.8963174909004927
1.674602879164738e-09 1.8963174742384044 1.8963174909004927
2.220446049250313e-16 1.8963174740701003 1.8963174740701005
9.819067511635018e-15 1.896317474070084 1.8963174740701005
2.5148921342372017e-14 1.8963174740700421 1.8963174740700968
6.618717263880203e-14 1.8963174740699376 1.8963174740700848
1.8399693462534802e-13 1.8963174740696525 1.8963174740700348
4.943991616402323e-13 1.896317474068841 1.896317474069961
1.4200037107176299e-12 1.8963174740669047 1.8963174740696147
3.936982774174685e-12 1.8963174740608395 1.8963174740679671
4.07541980401168e-12 1.89631747405954 1.8963174740676658
3.331407697146465e-12 1.8963174740583992 1.8963174740667437
3.1870339246936203e-12 1.8963174740577065 1.8963174740666862
2.8606642524877934e-12 1.8963174740568272 1.896317474063776
2.7326069710968633e-12 1.896317474056485 1.8963174740625208
2.6837896176315272e-12 1.8963174740560436 1.8963174740625208
2.3699696083484585e-12 1.8963174740555382 1.8963174740625208
2.3756723189700814e-12 1.8963174740555682 1.8963174740625208
1.904625757416793e-12 1.896317474055342 1.8963174740625208
1.4674632003028044e-12 1.896317474054852 1.8963174740625208
1.6794347449782131e-12 1.8963174740549025 1.8963174740625208
1.4027350198080328e-12 1.8963174740548556 1.8963174740625208
6.507193651641971e-13 1.8963174740544742 1.8963174740563762
5.190483120025884e-13 1.8963174740543371 1.8963174740563762
4.745375139411997e-13 1.896317474054213 1.896317474055371
4.914001968873076e-13 1.8963174740542277 1.896317474055371
5.208223792459406e-13 1.8963174740542292 1.896317474055371
4.875446506496183e-13 1.8963174740542346 1.896317474055371
4.573323592385691e-13 1.8963174740542093 1.896317474055371
4.840541973270579e-13 1.8963174740541593 1.896317474055371
5.060573199663295e-13 1.8963174740540978 1.896317474055371
4.757677478723086e-13 1.8963174740540014 1.896317474055371
5.123160186849552e-13 1.8963174740540356 1.896317474055371
4.699284247537735e-13 1.896317474054042 1.896317474055371
4.0772213448591993e-13 1.8963174740540694 1.8963174740549633
4.1258030783721926e-13 1.8963174740540936 1.8963174740549633
4.451996864816705e-13 1.8963174740540214 1.8963174740549633
4.4714728434172033e-13 1.896317474053999 1.8963174740549633
4.5280535984998894e-13 1.8963174740540913 1.8963174740549633
4.4251935143486907e-13 1.8963174740540205 1.8963174740549633
4.382178693141793e-13 1.8963174740539959 1.8963174740549633
4.478597193225946e-13 1.8963174740540405 1.8963174740549633
4.3406359138373896e-13 1.8963174740540512 1.8963174740549633
4.29152684999136e-13 1.8963174740540276 1.8963174740549633
4.3277173527509754e-13 1.8963174740540807 1.8963174740549633
4.33091647319872e-13 1.8963174740541175 1.8963174740549633
4.294609667049423e-13 1.8963174740541673 1.8963174740549633
3.995470312522884e-13 1.89631747405413 1.8963174740545974
3.9405430945338787e-13 1.8963174740541249 1.8963174740545974
4.076708312376872e-13 1.896317474054153 1.8963174740545974
3.814149941828813e-13 1.8963174740542204 1.8963174740545974
3.9651894581198114e-13 1.8963174740542212 1.8963174740545974
3.7383149490636203e-13 1.8963174740542368 1.8963174740545974
3.6045687589479725e-13 1.8963174740541948 1.8963174740545974
3.787456007790875e-13 1.8963174740541686 1.8963174740545974
3.9166306496128765e-13 1.8963174740541158 1.8963174740545974
3.78521233567774e-13 1.8963174740541426 1.8963174740545974
3.778703345874429e-13 1.8963174740541098 1.8963174740545974
3.859702964235231e-13 1.8963174740540678 1.8963174740545974
3.8071661768430257e-13 1.8963174740540547 1.8963174740545974
3.807778312505403e-13 1.896317474054042 1.8963174740545974
3.9300675375589026e-13 1.8963174740540314 1.8963174740545974
4.1381398720506514e-13 1.8963174740540432 1.8963174740545974
4.1613998525083455e-13 1.896317474054042 1.8963174740545974
4.043199431372475e-13 1.896317474054075 1.8963174740545974
4.026874234705304e-13 1.8963174740540083 1.8963174740545974
3.659802495970254e-13 1.8963174740539186 1.8963174740545974
3.4734923422850027e-13 1.896317474053862 1.8963174740545974
3.365273764298724e-13 1.8963174740538693 1.8963174740545974
3.061524472882209e-13 1.8963174740537798 1.8963174740542994
2.8382276964855153e-13 1.8963174740537434 1.8963174740542994
2.9317667882890366e-13 1.896317474053761 1.8963174740542994
3.317004915827622e-13 1.8963174740538065 1.8963174740542994
3.2542599285079764e-13 1.8963174740538002 1.8963174740542994
3.167716388930454e-13 1.8963174740537903 1.8963174740542994
3.282271386378366e-13 1.8963174740538116 1.8963174740542994
3.098956378520344e-13 1.8963174740537938 1.8963174740542994
3.0252600164537315e-13 1.8963174740538111 1.8963174740542994
3.0079414907606005e-13 1.8963174740537796 1.8963174740542994
3.176370262313396e-13 1.8963174740538116 1.8963174740542994
3.211314162819901e-13 1.8963174740538207 1.8963174740542994
3.3834074708799096e-13 1.8963174740538533 1.8963174740542994
3.359497793944001e-13 1.8963174740538384 1.8963174740542994
3.3681434736862775e-13 1.896317474053812 1.8963174740542994
3.187531556603263e-13 1.8963174740538244 1.8963174740542994
3.154469566351478e-13 1.8963174740538469 1.8963174740542994
3.184395885459938e-13 1.8963174740538182 1.8963174740542994
3.0809425552517843e-13 1.8963174740537685 1.8963174740542994
2.8986797110258804e-13 1.8963174740537472 1.8963174740542994
2.9309228437496034e-13 1.8963174740537578 1.8963174740542994
3.053708565316193e-13 1.8963174740537574 1.8963174740542994
3.162699912432101e-13 1.8963174740537954 1.8963174740542994
3.374690665489786e-13 1.8963174740537823 1.8963174740542994
3.158989958239683e-13 1.8963174740537392 1.8963174740542994
3.17212610185235e-13 1.896317474053733 1.8963174740542994
3.3339120626447116e-13 1.8963174740537607 1.8963174740542994
3.3610061792067167e-13 1.896317474053772 1.8963174740542994
3.329446975214026e-13 1.8963174740537636 1.8963174740542994
3.6051484125539903e-13 1.8963174740537772 1.8963174740542994
3.516648967949441e-13 1.8963174740537525 1.8963174740542994
3.672515635603949e-13 1.8963174740538031 1.8963174740542994
3.593201526180053e-13 1.896317474053798 1.8963174740542994
3.567090427276728e-13 1.8963174740538191 1.8963174740542994
3.4152061866262753e-13 1.8963174740537745 1.8963174740542994
3.3094408397198814e-13 1.8963174740537279 1.8963174740542994
3.1789679497795705e-13 1.8963174740536966 1.8963174740542994
3.4221677744848954e-13 1.8963174740537259 1.8963174740542994
3.4615179976003727e-13 1.8963174740537339 1.8963174740542994
3.5496203679590284e-13 1.896317474053765 1.8963174740542994
