0.04774804408934708 0.07508326791982067 0.25521183240144074
0.05377653665195592 0.07173080050136592 0.25521183240144074
0.05307920693936531 0.07110934099228311 0.25521183240144074
0.044088122743651786 0.06368064211588394 0.25521183240144074
0.03572565571218542 0.059498384598340406 0.25521183240144074
0.0304673057155552 0.05519846701984094 0.19435440640395316
0.026682135973743058 0.05011734758586705 0.19435440640395316
0.030244373859087823 0.04970401577069941 0.19435440640395316
0.02725109225277043 0.04829078321504455 0.19435440640395316
0.02527121521797874 0.045296473872313045 0.19435440640395316
0.024798608787536282 0.04405116192496385 0.19435440640395316
0.026545844893433153 0.043042552170120235 0.19435440640395316
0.01638669419267093 0.038473300714046664 0.10471917454398039
0.018651115834748874 0.038144844978142724 0.10471917454398039
0.021205213225997544 0.03882030502523993 0.10471917454398039
0.02139938814997817 0.040382101751196636 0.10471917454398039
0.021377513860669873 0.03758540425969254 0.10471917454398039
0.019214832952726944 0.03526916535047571 0.10224911042286539
0.019208012910138867 0.03453391970459345 0.10224911042286539
0.016877027303564402 0.03379759709572096 0.0859927481620989
0.0134581386876019 0.031261843166320316 0.07414138129247157
0.011530867504831151 0.028753131690396075 0.0707981628536795
0.009840035986361791 0.027516302972199477 0.06396525193316542
0.008964297826309734 0.026010508733438777 0.06396525193316542
0.00960176329186535 0.026445314411790245 0.06396525193316542
0.00773681595687547 0.025045574855277496 0.050827965378745024
0.008418157926960951 0.02605329500373367 0.045522166683422696
0.007818868940133278 0.026596160906986892 0.045522166683422696
0.007841279750471655 0.026921967862638584 0.045522166683422696
0.006933095399297136 0.025502707023125012 0.04475120955503821
0.006828597492700618 0.024672310432907615 0.04475120955503821
0.0070853680614486 0.02313071019524584 0.04475120955503821
0.006861143776478027 0.023222128024375687 0.03937504771767348
0.006689596005941181 0.023582488424403275 0.03937504771767348
0.005579778620113808 0.024425102559765054 0.03937504771767348
0.005260463571514603 0.024365219307388313 0.03937504771767348
0.004698138015268977 0.023755219258451324 0.03937504771767348
0.004157535724085617 0.023843852552970758 0.03600813662881473
0.00416827640745596 0.022765646216552235 0.031360898195244825
0.004442613125692512 0.02286559171961521 0.030710523736003012
0.004290272773463903 0.022434982573958352 0.030710523736003012
0.004210606825440563 0.021549225384040957 0.029198111808811777
0.003716237786577322 0.020802587580764576 0.02888243121441988
0.003310155059043774 0.02046499779821861 0.02852438534075543
0.0029618949914930865 0.02024778396129836 0.027720466122361252
0.002766005001882903 0.020260097899390265 0.026493747618127013
0.0026378869492905063 0.019963713296581594 0.02645120753321082
0.0028463578633178685 0.01968831451226594 0.02645120753321082
0.002795568050854987 0.019537216656388866 0.02645120753321082
0.0027796825221561437 0.019692935212447693 0.02645120753321082
0.002782641776173982 0.01946668367965963 0.02645120753321082
0.0027754352396026916 0.01946188270742893 0.02645120753321082
0.0023433535599916306 0.019217938276148788 0.026259652828718602
0.0024298913099402553 0.01925738857260291 0.026259652828718602
0.0022419812129872013 0.01916363743852644 0.026259652828718602
0.0021368509084611605 0.019222723889410726 0.026259652828718602
0.002320545882610199 0.019220417908485096 0.026259652828718602
0.002267445813938239 0.018993887282505582 0.025771471702676203
0.0018428276084097388 0.019155396756850317 0.024086701353924527
0.0017392050582464495 0.019198708866470696 0.024086701353924527
0.0018863915885398057 0.018686027865246164 0.022360186115750892
0.001660594825872404 0.018557467287241704 0.022360186115750892
0.001492731151000074 0.01836869957061295 0.020945383853662385
0.0013722256456003446 0.01847185722823762 0.020945383853662385
0.0013906433741317343 0.01854324412786883 0.020945383853662385
0.0013817084825268233 0.018489878155492235 0.020945383853662385
0.0013721444537142596 0.018482466810404295 0.020945383853662385
0.0013712864398606848 0.018376362854793948 0.020945383853662385
0.0014574479963314262 0.018400106164445863 0.020945383853662385
0.001240648163962014 0.018351237592826912 0.020945383853662385
0.0010910368072648612 0.018345758807875433 0.020945383853662385
0.001163551955569898 0.018322641685560966 0.020945383853662385
0.0010856872277397733 0.018367926484270533 0.020164847902714368
0.0012662638760985172 0.01819858570988148 0.02004677621910013
0.0013227257975475055 0.01809811858163577 0.01997361467941413
0.0013137631905450256 0.017917092970308367 0.01997361467941413
0.001479805661477567 0.01780502057424419 0.01985128320590104
0.0013650796982224399 0.017943854208736832 0.019611741443943714
0.001412677675892123 0.017855710180877782 0.019611741443943714
0.0013406116927395337 0.017713165816158578 0.019540320252649304
0.0012484811332541474 0.01768588589056578 0.01934676852115845
0.001123035857064108 0.01772273818796978 0.019324662958709438
0.0011576779190638836 0.01761177013236718 0.019324662958709438
0.0011983428311334943 0.017543628533415692 0.019291559274358397
0.001239425089897507 0.01730281596312371 0.019150301617828266
0.0009291296150890376 0.01756651111718299 0.019150301617828266
0.0009420288262674805 0.017518041240215543 0.019150301617828266
0.0010411384832056758 0.017402816442982288 0.01894423846269368
0.0010900740884712222 0.01738867362915687 0.01894423846269368
0.0009523639863130404 0.0174094760159256 0.01894423846269368
0.0009780078594067943 0.01732251362872818 0.01894423846269368
0.001188745213575601 0.017119550797125457 0.01894423846269368
0.0011817684655126125 0.017101309006331597 0.01894423846269368
0.0010957503205085884 0.01701295958445044 0.01894423846269368
0.001044798521068941 0.016793457112823765 0.018315002693341857
0.0010442678514569234 0.01684249116041837 0.018172263214371268
0.0011350119247419059 0.0165988519880735 0.018172263214371268
0.0010333358641691356 0.01664305749483758 0.01802194312994529
0.001044989038947731 0.016574550771082042 0.01760576018078321
0.0009790564198323838 0.016634333374853653 0.017583773577599694
0.000970095863560124 0.01659624469538702 0.017583773577599694
0.0009153647572087464 0.016625842819116162 0.017583773577599694
0.000871699994674347 0.016637024094941666 0.017583773577599694
0.0008877926153795319 0.016554611773388576 0.017583773577599694
0.000835526306881976 0.01654487404358322 0.017583773577599694
0.0007849222337437805 0.016554136089969636 0.017583773577599694
0.0007864529138877341 0.01644565463758457 0.017583773577599694
0.0007635739230867544 0.01643863613546761 0.017583773577599694
0.0007090210763463649 0.016379273896128324 0.017583773577599694
0.0007647582811796202 0.01631207327705171 0.017583773577599694
0.0005986210797870097 0.01636953812127203 0.017583773577599694
0.0005426503530457551 0.016463597348862956 0.017583773577599694
0.000517142176969965 0.016419069862608833 0.017583773577599694
0.0005693823997755036 0.01633960564601161 0.017583773577599694
0.0005931455648985357 0.016302625293129112 0.017583773577599694
0.000544216026363402 0.016335300664857916 0.017583773577599694
0.0005594658851199614 0.016329633122523605 0.017583773577599694
0.0005754821175522504 0.016285031647806477 0.017583773577599694
0.000547684449710086 0.01629964485143398 0.017583773577599694
0.0005440981551465225 0.016283800809031603 0.017583773577599694
0.0005454458101472302 0.016215875439222344 0.017309355851546415
0.0005799676419102919 0.01618618157777698 0.017237622935747526
0.0005776789385131973 0.016161781293982717 0.017237622935747526
0.000584283353387069 0.01605824653102969 0.016806887506466587
0.0006453391901755784 0.0159019788699799 0.016610750306508455
0.0006063641381252973 0.015923559398862575 0.016597229730772458
0.0006136649188931363 0.01586787757939625 0.016596099572970487
0.0006966151653884071 0.015609468057138944 0.016593016812740596
0.0006674981970293921 0.015625277654492644 0.016593016812740596
0.0006187212244684845 0.015606511253802963 0.01648491312528001
0.0006348411745541759 0.015489651282538097 0.016469704076643086
0.0006100573766923877 0.015490954596939378 0.016469704076643086
0.0005967511758586296 0.015452965298598085 0.016469704076643086
0.0005460459997284002 0.015434767118350085 0.016469704076643086
0.0004966323747999079 0.0153872736834446 0.016252327552605694
0.00045933718220692846 0.015420861710896658 0.016252327552605694
0.00045609968640894646 0.01533302510695216 0.01605594625128353
0.0004473944139167309 0.015302727832950053 0.01605594625128353
0.00042499894216278133 0.015273562151208352 0.016035156922926744
0.00038664618523896613 0.015301242072967125 0.016010209396601992
0.000403611135334757 0.015187890493169851 0.016010209396601992
0.00034678043654087326 0.015187667498263738 0.016010209396601992
0.0003357458660514726 0.015148014633321787 0.016010209396601992
0.0003308883849394228 0.01512892531887413 0.015790254812867954
0.0003352354970192848 0.015090204456806136 0.015787976261508335
0.00033332043538501554 0.015002368595812898 0.015710074013257688
0.0003375379001574856 0.014997778237970048 0.015498397510415795
0.00032278021044350507 0.014977598768510974 0.015498397510415795
0.00030716651535109095 0.014940462249232796 0.015497999173509485
0.0002893895706013336 0.014969815339045007 0.015497999173509485
0.00029910408126415677 0.014955272101328673 0.015497506382044205
0.0002715112243633184 0.014938401075052796 0.015497506382044205
0.000276279838958802 0.014893583574803132 0.015495643920870827
0.00024759602441692404 0.014885292439213651 0.015424472000934927
0.00024980469619263534 0.014886024295136292 0.015423132222454713
0.0002311891650908711 0.014864953866593013 0.01534033203985284
0.0002313427981455001 0.014857118383018937 0.01534033203985284
0.00021813923523419687 0.014844211168990325 0.015249226422027614
0.00020247177003020154 0.014855842911292034 0.015184468776412318
0.00019206105561624988 0.014866897629056595 0.01518418243306587
0.00018313212667577956 0.014868736564095089 0.01518418243306587
0.00018204070736109422 0.014842300863426517 0.01518418243306587
0.0001780957821750834 0.014823988466617661 0.015131059038090745
0.00017572725644908227 0.01481064327962475 0.015131059038090745
0.00016673221484974764 0.014805100569816662 0.015130403690082702
0.00015761476940291932 0.01477711209098318 0.015125916520181071
0.00015457642560172942 0.01475159758060832 0.015125392328230132
0.0001492185773264219 0.014738604396674014 0.015124726398255016
0.00012472064152832242 0.01471321783281415 0.015014235700639646
0.00012500055925391355 0.014717741693156436 0.015014235700639646
0.00012200313642412387 0.014717293150402693 0.01497550379660053
0.00011702397681315557 0.01470553695525892 0.01497531204376306
0.00010718024718161521 0.014689767813323594 0.014974900657545535
9.795589953497066e-05 0.014684165548007652 0.014890475809242595
8.298572378811235e-05 0.014661857286505724 0.014880252348271892
6.861261100183006e-05 0.014645692513947428 0.014880252348271892
5.978090268115302e-05 0.014632461993953143 0.014880252348271892
5.433354622449227e-05 0.014629086743049786 0.014880252348271892
4.274249403107975e-05 0.014620044803443566 0.014880252348271892
4.87467947217997e-05 0.01462331579302961 0.01488006501264135
4.708834660418668e-05 0.014624860679272681 0.01488006501264135
3.792285357324431e-05 0.014620471910250208 0.01488006501264135
2.603665120059838e-05 0.01461661659742113 0.014775891044319818
3.101655597530068e-05 0.014617695624743141 0.014775802930423328
3.201580499194909e-05 0.014615821633739524 0.014775802930423328
3.0794948471583056e-05 0.014614959493325403 0.014775802930423328
1.7560104871815385e-05 0.014610069247498995 0.01470434985604244
1.5140197785355684e-05 0.014609033784638754 0.014660247439912582
1.5272107393909082e-05 0.014611337185756443 0.014660245294287852
1.484972420598977e-05 0.014611097835144329 0.014654055222987692
1.2777504452067176e-05 0.014610191327169134 0.014654054015568364
1.2620816676176319e-05 0.014608289078380602 0.014654050313864771
1.18094839831521e-05 0.014607549996692394 0.014649666145458836
1.2896048542713999e-05 0.014608505695233342 0.014649666145458836
1.2241213178454475e-05 0.014607045895267472 0.014649666145458836
1.1707486013280117e-05 0.014607358187467683 0.014644585507626142
1.1029199874527645e-05 0.014606299571652638 0.014640775030342551
1.0251949100759519e-05 0.014606169298048954 0.014633331302591928
8.965511785617262e-06 0.0146055238827489 0.01463333042441433
7.145628596406911e-06 0.014604372263169301 0.01462887919042649
5.646280433762955e-06 0.01460335671990593 0.014622543414342715
4.91833763362493e-06 0.014602363414453303 0.01461908386297377
3.9387275383194795e-06 0.0146014430617328 0.014619083517303184
2.894933700168926e-06 0.014601069068123251 0.014617729444540118
2.499304854237632e-06 0.01460090121298199 0.014611588191839053
1.8011767100765769e-06 0.014600507914012097 0.014610953703786213
2.1704162275294474e-06 0.014600546931454397 0.014610953259589655
2.0983277525356782e-06 0.014600452475823852 0.014610952926442234
2.288669903733739e-06 0.014600610013808158 0.014610477254791292
1.982644405893808e-06 0.014600479140281336 0.014610120501063754
1.7196304200758751e-06 0.014600273398138354 0.014610120360525189
1.5449117030824002e-06 0.014600166230026523 0.014609852830372113
9.408531837440459e-07 0.014600061033178182 0.014605722488414205
8.196032146568222e-07 0.014600088498670205 0.014601702867291825
7.108881024613152e-07 0.014599960013853172 0.014601698670159967
5.424553321615228e-07 0.014599808748882283 0.014601648660490218
5.461962878906936e-07 0.0145998348615628 0.014601648644501903
4.008679538484764e-07 0.014599749321714896 0.01460113916374
3.992267976430933e-07 0.014599775651245862 0.014601110077526472
3.5294190698311876e-07 0.014599743558851073 0.014600943348647082
3.344799551968194e-07 0.014599725465586052 0.014600943340390388
2.5747983866419003e-07 0.014599690815857196 0.014600701405523721
2.636391599956244e-07 0.014599697546759927 0.014600701405454254
1.7024045234964376e-07 0.014599653372383144 0.014600421130979363
1.6886730477550622e-07 0.014599660193301717 0.014600415419932039
1.7024215760082086e-07 0.014599667346235889 0.014600214258438372
1.433932833741977e-07 0.014599652771166961 0.014600214257538102
1.249438757029874e-07 0.014599644587143046 0.014600157710695782
1.2139229674803014e-07 0.014599643225963523 0.014600157709869227
1.3642655593963856e-07 0.014599655271680327 0.014600152814104811
8.766616354740508e-08 0.014599630410565754 0.014600149142281497
1.0474717204990148e-07 0.014599643575279413 0.014600146388414016
8.547812715870485e-08 0.014599637052180507 0.014600144323013407
5.647048323418615e-08 0.014599626207382343 0.014599841515758726
6.303549772869256e-08 0.014599632575413848 0.014599839450515661
4.82004937770348e-08 0.014599623873898787 0.014599839063310168
4.582156819820073e-08 0.014599622138559 0.014599839063310168
4.39089832356115e-08 0.0145996207458394 0.014599839063310168
5.517783430282483e-08 0.01459962691908981 0.01459983761117924
3.799155174307945e-08 0.014599618454316869 0.014599835868528258
2.0549317841670785e-08 0.014599613674986602 0.0145997802503165
1.8811926647832314e-08 0.014599614064022968 0.014599729939491742
2.3282392537747117e-08 0.01459961553510642 0.014599729939472105
2.1916571713509945e-08 0.014599615226876306 0.014599729135463486
1.699266850412088e-08 0.01459961374143507 0.01459972887702583
2.482658484424912e-08 0.014599616989030504 0.014599728877017545
2.391237334620877e-08 0.01459961772162683 0.014599728683191373
2.9357927893375235e-08 0.014599622722182914 0.014599728683186715
2.62451321907461e-08 0.01459962065165469 0.01459972868318322
3.1527937389855364e-08 0.014599624561056486 0.01459972868318322
3.5619988137355386e-08 0.014599628009238195 0.0145997286831806
3.6991796948329524e-08 0.014599630922903051 0.014599728683178635
3.4003779063535224e-08 0.014599628844488722 0.014599728683178635
3.5714903075698664e-08 0.014599630921600226 0.014599728537812193
3.50507608362998e-08 0.014599630203301123 0.014599728478615714
2.5437125646193182e-08 0.014599622114561266 0.014599728313720925
2.417397089389497e-08 0.014599620347914084 0.014599711355259313
2.0399118802719754e-08 0.01459961899216345 0.014599698930899404
1.58273992263384e-08 0.014599617086861288 0.014599676893803235
1.4893520476693912e-08 0.014599617540004448 0.014599676863989802
1.437772150637758e-08 0.014599616721803422 0.014599676863989589
1.3236759938993548e-08 0.014599616559819277 0.014599676863989428
1.6723533258440596e-08 0.014599619246421607 0.01459967686398931
1.3927533103892762e-08 0.014599617312580993 0.014599676863989221
1.3064050983565797e-08 0.014599616808548979 0.014599660343631578
1.3340552268078933e-08 0.014599616699999344 0.014599660343631528
1.57617993784826e-08 0.014599618144280948 0.014599660343631528
1.0938738234942914e-08 0.014599614611240869 0.014599660310567008
8.565586590030933e-09 0.014599613687332947 0.014599660302063222
8.869863864169974e-09 0.014599613824118585 0.014599660295685386
8.45649353197662e-09 0.014599613350363985 0.014599660290902006
6.370713950844351e-09 0.014599612623444301 0.014599647917409865
1.0142615829296718e-08 0.014599614733331873 0.014599647917409862
9.150996305398805e-09 0.01459961429804557 0.014599647917409848
9.819134209140504e-09 0.01459961446080744 0.014599647917409832
8.987006540345903e-09 0.014599613782371632 0.01459964791382231
7.4172322919494555e-09 0.014599613235431783 0.01459964582621166
6.024935285928288e-09 0.014599612468323468 0.014599645826211654
6.5055601371808165e-09 0.014599612938347535 0.014599645823482605
6.7269044315350356e-09 0.014599612783438867 0.014599645823482603
6.3351629231626296e-09 0.014599613161896357 0.014599637063261726
6.2551131659791956e-09 0.014599613228629462 0.014599637063261726
6.3496580616966804e-09 0.01459961375734849 0.014599637063261726
5.526422360309404e-09 0.014599613227459608 0.01459963049194648
4.889294988856191e-09 0.014599612949856101 0.014599626444712317
4.604968505374489e-09 0.014599612927493599 0.014599626444712317
4.208653580821761e-09 0.014599612511135097 0.014599626444233441
3.496244016727864e-09 0.014599611967853669 0.014599626443874286
3.4367107967189857e-09 0.01459961181773736 0.014599626443874286
3.859119700228469e-09 0.014599612013484116 0.014599626443874286
3.110505765502592e-09 0.014599611705152431 0.01459962644360492
3.5327658089241173e-09 0.014599611969422438 0.014599626443402895
3.6438568028860332e-09 0.014599612194544052 0.014599626443402895
3.6094775087742545e-09 0.014599612181686301 0.014599626443251376
3.195650638253098e-09 0.014599611870605324 0.014599626443137732
3.388585002656545e-09 0.014599612081767764 0.014599626443052505
2.844805738947452e-09 0.014599611742824106 0.014599626442988584
2.7910380231599124e-09 0.01459961175486652 0.014599626442940643
3.2431975227317886e-09 0.014599611897818363 0.014599626442940643
1.88235722669869e-09 0.014599611379066482 0.014599622527858415
1.7795690500932508e-09 0.014599611326414368 0.01459962252783145
1.0916183917295752e-09 0.01459961113179582 0.014599616666822779
1.1229924372033937e-09 0.01459961114360227 0.014599616666822779
1.1005211934416443e-09 0.01459961115289155 0.01459961666678008
1.1638390693782385e-09 0.01459961125915456 0.014599616666748057
9.037634171287862e-10 0.014599611111469585 0.014599616666724038
9.523253496880982e-10 0.014599611108564923 0.014599616666724038
7.26281319854108e-10 0.014599610949025234 0.014599616666706026
5.879084920661409e-10 0.014599610911777545 0.014599615195683134
6.077581916203801e-10 0.014599610922120483 0.014599615195673004
6.179814378695619e-10 0.01459961091558736 0.014599615195665404
2.91495811321954e-10 0.014599610833568375 0.014599612742359982
3.268652013710973e-10 0.014599610856105363 0.014599612742359982
3.9916334502072124e-10 0.014599610896280202 0.014599612742359982
4.29877528681508e-10 0.014599610935475208 0.014599612742356863
3.69333909440342e-10 0.01459961088795131 0.014599612546384854
3.130118571640858e-10 0.0145996108673739 0.014599612350411777
3.5075330182746854e-10 0.014599610884521646 0.014599612350411777
2.901419257796408e-10 0.014599610861617136 0.014599612105440366
2.7606425223968166e-10 0.014599610862076355 0.014599612105440366
2.901821297415126e-10 0.014599610886603833 0.014599611958463508
2.2768244737997695e-10 0.014599610843428234 0.014599611958461243
2.5281823803448706e-10 0.014599610859044926 0.014599611958461243
2.7847516692782633e-10 0.014599610890002787 0.014599611958460608
2.6226378974170516e-10 0.014599610890232394 0.014599611829853157
2.3866417076412313e-10 0.014599610870389962 0.014599611829851616
2.0485890376836946e-10 0.01459961084996187 0.014599611788512355
1.6719479865399878e-10 0.0145996108372159 0.014599611664496704
1.452034222214435e-10 0.014599610833486836 0.014599611537040006
1.2349643818017308e-10 0.0145996108281322 0.014599611278674596
8.180934365815581e-11 0.014599610805029582 0.014599611278673211
7.02495753010511e-11 0.014599610797574157 0.014599611278672956
5.889128434089493e-11 0.014599610793330529 0.014599611278672956
3.300227212125685e-11 0.014599610788369941 0.014599610991889823
2.0822549718487468e-11 0.014599610784707631 0.014599610991889386
2.5901676332202656e-11 0.014599610786277188 0.014599610991889308
1.942626205132284e-11 0.014599610785361615 0.014599610939570762
1.942626205132284e-11 0.014599610785361615 0.014599610939570762
2.841016873038281e-11 0.01459961078899122 0.014599610939570762
2.6118783969501597e-11 0.014599610787814047 0.0145996109395707
2.7763459149182857e-11 0.014599610789481701 0.01459961093957062
2.7830741380897916e-11 0.014599610790192907 0.014599610900331749
2.7271682201546345e-11 0.014599610789972189 0.014599610900331714
2.5732787489408176e-11 0.014599610789015737 0.014599610900331714
2.715793734114444e-11 0.014599610790891851 0.014599610900331714
1.4186242156217964e-11 0.014599610785484234 0.01459961087090251
4.941284710160766e-12 0.014599610783111505 0.014599610832276667
0.0 0.014599610782614887 0.014599610782614887
0.0 0.014599610782614887 0.014599610782614887
0.0 0.014599610782614887 0.014599610782614887
0.0 0.014599610782614887 0.014599610782614887
0.0 0.014599610782614887 0.014599610782614887
0.0 0.014599610782614887 0.014599610782614887
0.0 0.014599610782614887 0.014599610782614887
0.0 0.014599610782614887 0.014599610782614887
0.0 0.014599610782614887 0.014599610782614887
0.0 0.014599610782614887 0.014599610782614887
0.0 0.014599610782614887 0.014599610782614887
0.0 0.014599610782614887 0.014599610782614887
0.0 0.014599610782614887 0.014599610782614887
0.0 0.014599610782614887 0.014599610782614887
0.0 0.014599610782614887 0.014599610782614887
0.0 0.014599610782614887 0.014599610782614887
0.0 0.014599610782614887 0.014599610782614887
0.0 0.014599610782614887 0.014599610782614887
0.0 0.014599610782614887 0.014599610782614887
0.0 0.014599610782614887 0.014599610782614887
0.0 0.014599610782614887 0.014599610782614887
0.0 0.014599610782614887 0.014599610782614887
0.0 0.014599610782614887 0.014599610782614887
0.0 0.014599610782614887 0.014599610782614887
0.0 0.014599610782614887 0.014599610782614887
0.0 0.014599610782614887 0.014599610782614887
0.0 0.014599610782614887 0.014599610782614887
0.0 0.014599610782614887 0.014599610782614887
0.0 0.014599610782614887 0.014599610782614887
0.0 0.014599610782614887 0.014599610782614887
0.0 0.014599610782614887 0.014599610782614887
0.0 0.014599610782614887 0.014599610782614887
0.0 0.014599610782614887 0.014599610782614887
0.0 0.014599610782614887 0.014599610782614887
0.0 0.014599610782614887 0.014599610782614887
0.0 0.014599610782614887 0.014599610782614887
0.0 0.014599610782614887 0.014599610782614887
0.0 0.014599610782614887 0.014599610782614887
0.0 0.014599610782614887 0.014599610782614887
0.0 0.014599610782614887 0.014599610782614887
0.0 0.014599610782614887 0.014599610782614887
0.0 0.014599610782614887 0.014599610782614887
0.0 0.014599610782614887 0.014599610782614887
0.0 0.014599610782614887 0.014599610782614887
0.0 0.014599610782614887 0.014599610782614887
0.0 0.014599610782614887 0.014599610782614887
0.0 0.014599610782614887 0.014599610782614887
0.0 0.014599610782614887 0.014599610782614887
0.0 0.014599610782614887 0.014599610782614887
0.0 0.014599610782614887 0.014599610782614887
0.0 0.014599610782614887 0.014599610782614887
0.0 0.014599610782614887 0.014599610782614887
0.0 0.014599610782614887 0.014599610782614887
0.0 0.014599610782614887 0.014599610782614887
0.0 0.014599610782614887 0.014599610782614887
0.0 0.014599610782614887 0.014599610782614887
0.0 0.014599610782614887 0.014599610782614887
0.0 0.014599610782614887 0.014599610782614887
0.0 0.014599610782614887 0.014599610782614887
0.0 0.014599610782614887 0.014599610782614887
0.0 0.014599610782614887 0.014599610782614887
0.0 0.014599610782614887 0.014599610782614887
0.0 0.014599610782614887 0.014599610782614887
0.0 0.014599610782614887 0.014599610782614887
0.0 0.014599610782614887 0.014599610782614887
0.0 0.014599610782614887 0.014599610782614887
0.0 0.014599610782614887 0.014599610782614887
0.0 0.014599610782614887 0.014599610782614887
0.0 0.014599610782614887 0.014599610782614887
0.0 0.014599610782614887 0.014599610782614887
0.0 0.014599610782614887 0.014599610782614887
0.0 0.014599610782614887 0.014599610782614887
0.0 0.014599610782614887 0.014599610782614887
0.0 0.014599610782614887 0.014599610782614887
0.0 0.014599610782614887 0.014599610782614887
0.0 0.014599610782614887 0.014599610782614887
0.0 0.014599610782614887 0.014599610782614887
0.0 0.014599610782614887 0.014599610782614887
0.0 0.014599610782614887 0.014599610782614887
0.0 0.014599610782614887 0.014599610782614887
0.0 0.014599610782614887 0.014599610782614887
0.0 0.014599610782614887 0.014599610782614887
0.0 0.014599610782614887 0.014599610782614887
0.0 0.014599610782614887 0.014599610782614887
0.0 0.014599610782614887 0.014599610782614887
0.0 0.014599610782614887 0.014599610782614887
0.0 0.014599610782614887 0.014599610782614887
0.0 0.014599610782614887 0.014599610782614887
0.0 0.014599610782614887 0.014599610782614887
0.0 0.014599610782614887 0.014599610782614887
0.0 0.014599610782614887 0.014599610782614887
0.0 0.014599610782614887 0.014599610782614887
0.0 0.014599610782614887 0.014599610782614887
0.0 0.014599610782614887 0.014599610782614887
0.0 0.014599610782614887 0.014599610782614887
0.0 0.014599610782614887 0.014599610782614887
0.0 0.014599610782614887 0.014599610782614887
0.0 0.014599610782614887 0.014599610782614887
0.0 0.014599610782614887 0.014599610782614887
0.0 0.014599610782614887 0.014599610782614887
0.0 0.014599610782614887 0.014599610782614887
0.0 0.014599610782614887 0.014599610782614887
0.0 0.014599610782614887 0.014599610782614887
0.0 0.014599610782614887 0.014599610782614887
0.0 0.014599610782614887 0.014599610782614887
0.0 0.014599610782614887 0.014599610782614887
0.0 0.014599610782614887 0.014599610782614887
0.0 0.014599610782614887 0.014599610782614887
0.0 0.014599610782614887 0.014599610782614887
0.0 0.014599610782614887 0.014599610782614887
0.0 0.014599610782614887 0.014599610782614887
0.0 0.014599610782614887 0.014599610782614887
0.0 0.014599610782614887 0.014599610782614887
0.0 0.014599610782614887 0.014599610782614887
0.0 0.014599610782614887 0.014599610782614887
0.0 0.014599610782614887 0.014599610782614887
0.0 0.014599610782614887 0.014599610782614887
0.0 0.014599610782614887 0.014599610782614887
0.0 0.014599610782614887 0.014599610782614887
0.0 0.014599610782614887 0.014599610782614887
0.0 0.014599610782614887 0.014599610782614887
0.0 0.014599610782614887 0.014599610782614887
0.0 0.014599610782614887 0.014599610782614887
0.0 0.014599610782614887 0.014599610782614887
0.0 0.014599610782614887 0.014599610782614887
0.0 0.014599610782614887 0.014599610782614887
0.0 0.014599610782614887 0.014599610782614887
0.0 0.014599610782614887 0.014599610782614887
0.0 0.014599610782614887 0.014599610782614887
0.0 0.014599610782614887 0.014599610782614887
0.0 0.014599610782614887 0.014599610782614887
0.0 0.014599610782614887 0.014599610782614887
0.0 0.014599610782614887 0.014599610782614887
0.0 0.014599610782614887 0.014599610782614887
0.0 0.014599610782614887 0.014599610782614887
0.0 0.014599610782614887 0.014599610782614887
0.0 0.014599610782614887 0.014599610782614887
0.0 0.014599610782614887 0.014599610782614887
0.0 0.014599610782614887 0.014599610782614887
0.0 0.014599610782614887 0.014599610782614887
0.0 0.014599610782614887 0.014599610782614887
0.0 0.014599610782614887 0.014599610782614887
0.0 0.014599610782614887 0.014599610782614887
0.0 0.014599610782614887 0.014599610782614887
0.0 0.014599610782614887 0.014599610782614887
0.0 0.014599610782614887 0.014599610782614887
0.0 0.014599610782614887 0.014599610782614887
0.0 0.014599610782614887 0.014599610782614887
0.0 0.014599610782614887 0.014599610782614887
0.0 0.014599610782614887 0.014599610782614887
0.0 0.014599610782614887 0.014599610782614887
0.0 0.014599610782614887 0.014599610782614887
0.0 0.014599610782614887 0.014599610782614887
0.0 0.014599610782614887 0.014599610782614887
0.0 0.014599610782614887 0.014599610782614887
0.0 0.014599610782614887 0.014599610782614887
0.0 0.014599610782614887 0.014599610782614887
0.0 0.014599610782614887 0.014599610782614887
0.0 0.014599610782614887 0.014599610782614887
0.0 0.014599610782614887 0.014599610782614887
0.0 0.014599610782614887 0.014599610782614887
0.0 0.014599610782614887 0.014599610782614887
0.0 0.014599610782614887 0.014599610782614887
0.0 0.014599610782614887 0.014599610782614887
0.0 0.014599610782614887 0.014599610782614887
0.0 0.014599610782614887 0.014599610782614887
0.0 0.014599610782614887 0.014599610782614887
0.0 0.014599610782614887 0.014599610782614887
0.0 0.014599610782614887 0.014599610782614887
0.0 0.014599610782614887 0.014599610782614887
0.0 0.014599610782614887 0.014599610782614887
0.0 0.014599610782614887 0.014599610782614887
0.0 0.014599610782614887 0.014599610782614887
0.0 0.014599610782614887 0.014599610782614887
0.0 0.014599610782614887 0.014599610782614887
0.0 0.014599610782614887 0.014599610782614887
0.0 0.014599610782614887 0.014599610782614887
0.0 0.014599610782614887 0.014599610782614887
0.0 0.014599610782614887 0.014599610782614887
0.0 0.014599610782614887 0.014599610782614887
0.0 0.014599610782614887 0.014599610782614887
0.0 0.014599610782614887 0.014599610782614887
0.0 0.014599610782614887 0.014599610782614887
0.0 0.014599610782614887 0.014599610782614887
0.0 0.014599610782614887 0.014599610782614887
0.0 0.014599610782614887 0.014599610782614887
0.0 0.014599610782614887 0.014599610782614887
0.0 0.014599610782614887 0.014599610782614887
0.0 0.014599610782614887 0.014599610782614887
0.0 0.014599610782614887 0.014599610782614887
0.0 0.014599610782614887 0.014599610782614887
0.0 0.014599610782614887 0.014599610782614887
0.0 0.014599610782614887 0.014599610782614887
0.0 0.014599610782614887 0.014599610782614887
0.0 0.014599610782614887 0.014599610782614887
0.0 0.014599610782614887 0.014599610782614887
0.0 0.014599610782614887 0.014599610782614887
0.0 0.014599610782614887 0.014599610782614887
0.0 0.014599610782614887 0.014599610782614887
0.0 0.014599610782614887 0.014599610782614887
0.0 0.014599610782614887 0.014599610782614887
0.0 0.014599610782614887 0.014599610782614887
0.0 0.014599610782614887 0.014599610782614887
0.0 0.014599610782614887 0.014599610782614887
0.0 0.014599610782614887 0.014599610782614887
0.0 0.014599610782614887 0.014599610782614887
0.0 0.014599610782614887 0.014599610782614887
0.0 0.014599610782614887 0.014599610782614887
0.0 0.014599610782614887 0.014599610782614887
0.0 0.014599610782614887 0.014599610782614887
0.0 0.014599610782614887 0.014599610782614887
0.0 0.014599610782614887 0.014599610782614887
0.0 0.014599610782614887 0.014599610782614887
0.0 0.014599610782614887 0.014599610782614887
0.0 0.014599610782614887 0.014599610782614887
0.0 0.014599610782614887 0.014599610782614887
0.0 0.014599610782614887 0.014599610782614887
0.0 0.014599610782614887 0.014599610782614887
0.0 0.014599610782614887 0.014599610782614887
0.0 0.014599610782614887 0.014599610782614887
0.0 0.014599610782614887 0.014599610782614887
0.0 0.014599610782614887 0.014599610782614887
0.0 0.014599610782614887 0.014599610782614887
0.0 0.014599610782614887 0.014599610782614887
0.0 0.014599610782614887 0.014599610782614887
0.0 0.014599610782614887 0.014599610782614887
0.0 0.014599610782614887 0.014599610782614887
0.0 0.014599610782614887 0.014599610782614887
0.0 0.014599610782614887 0.014599610782614887
0.0 0.014599610782614887 0.014599610782614887
0.0 0.014599610782614887 0.014599610782614887
0.0 0.014599610782614887 0.014599610782614887
0.0 0.014599610782614887 0.014599610782614887
0.0 0.014599610782614887 0.014599610782614887
0.0 0.014599610782614887 0.014599610782614887
0.0 0.014599610782614887 0.014599610782614887
0.0 0.014599610782614887 0.014599610782614887
0.0 0.014599610782614887 0.014599610782614887
0.0 0.014599610782614887 0.014599610782614887
0.0 0.014599610782614887 0.014599610782614887
0.0 0.014599610782614887 0.014599610782614887
0.0 0.014599610782614887 0.014599610782614887
0.0 0.014599610782614887 0.014599610782614887
0.0 0.014599610782614887 0.014599610782614887
0.0 0.014599610782614887 0.014599610782614887
0.0 0.014599610782614887 0.014599610782614887
0.0 0.014599610782614887 0.014599610782614887
0.0 0.014599610782614887 0.014599610782614887
0.0 0.014599610782614887 0.014599610782614887
0.0 0.014599610782614887 0.014599610782614887
0.0 0.014599610782614887 0.014599610782614887
0.0 0.014599610782614887 0.014599610782614887
0.0 0.014599610782614887 0.014599610782614887
0.0 0.014599610782614887 0.014599610782614887
0.0 0.014599610782614887 0.014599610782614887
0.0 0.014599610782614887 0.014599610782614887
0.0 0.014599610782614887 0.014599610782614887
0.0 0.014599610782614887 0.014599610782614887
0.0 0.014599610782614887 0.014599610782614887
0.0 0.014599610782614887 0.014599610782614887
0.0 0.014599610782614887 0.014599610782614887
0.0 0.014599610782614887 0.014599610782614887
0.0 0.014599610782614887 0.014599610782614887
0.0 0.014599610782614887 0.014599610782614887
0.0 0.014599610782614887 0.014599610782614887
0.0 0.014599610782614887 0.014599610782614887
0.0 0.014599610782614887 0.014599610782614887
0.0 0.014599610782614887 0.014599610782614887
0.0 0.014599610782614887 0.014599610782614887
0.0 0.014599610782614887 0.014599610782614887
0.0 0.014599610782614887 0.014599610782614887
0.0 0.014599610782614887 0.014599610782614887
0.0 0.014599610782614887 0.014599610782614887
0.0 0.014599610782614887 0.014599610782614887
0.0 0.014599610782614887 0.014599610782614887
0.0 0.014599610782614887 0.014599610782614887
0.0 0.014599610782614887 0.014599610782614887
0.0 0.014599610782614887 0.014599610782614887
0.0 0.014599610782614887 0.014599610782614887
0.0 0.014599610782614887 0.014599610782614887
0.0 0.014599610782614887 0.014599610782614887
0.0 0.014599610782614887 0.014599610782614887
0.0 0.014599610782614887 0.014599610782614887
0.0 0.014599610782614887 0.014599610782614887
0.0 0.014599610782614887 0.014599610782614887
0.0 0.014599610782614887 0.014599610782614887
0.0 0.014599610782614887 0.014599610782614887
0.0 0.014599610782614887 0.014599610782614887
0.0 0.014599610782614887 0.014599610782614887
0.0 0.014599610782614887 0.014599610782614887
0.0 0.014599610782614887 0.014599610782614887
0.0 0.014599610782614887 0.014599610782614887
0.0 0.014599610782614887 0.014599610782614887
0.0 0.014599610782614887 0.014599610782614887
0.0 0.014599610782614887 0.014599610782614887
0.0 0.014599610782614887 0.014599610782614887
0.0 0.014599610782614887 0.014599610782614887
0.0 0.014599610782614887 0.014599610782614887
0.0 0.014599610782614887 0.014599610782614887
0.0 0.014599610782614887 0.014599610782614887
0.0 0.014599610782614887 0.014599610782614887
0.0 0.014599610782614887 0.014599610782614887
0.0 0.014599610782614887 0.014599610782614887
0.0 0.014599610782614887 0.014599610782614887
3.1703228380199528e-18 0.014599610782614882 0.014599610782614887
3.0096327466480387e-18 0.014599610782614882 0.014599610782614885
3.4996729475891854e-18 0.014599610782614882 0.014599610782614885
3.800588715305073e-18 0.014599610782614882 0.014599610782614885
4.439672203506484e-18 0.014599610782614882 0.014599610782614885
3.1417178366276916e-18 0.01459961078261488 0.014599610782614885
3.226772189331545e-18 0.01459961078261488 0.014599610782614885
3.354795539598935e-18 0.01459961078261488 0.014599610782614885
3.3141845473786542e-18 0.01459961078261488 0.014599610782614885
3.386045141485899e-18 0.01459961078261488 0.014599610782614885
3.4953709509444814e-18 0.01459961078261488 0.014599610782614885
3.434577253370758e-18 0.01459961078261488 0.01459961078261488
3.434577253370758e-18 0.01459961078261488 0.01459961078261488
3.452056130901701e-18 0.01459961078261488 0.01459961078261488
3.469446951953614e-18 0.01459961078261488 0.014599610782614876
3.469446951953614e-18 0.01459961078261488 0.014599610782614876
3.469446951953614e-18 0.01459961078261488 0.014599610782614876
3.469446951953614e-18 0.01459961078261488 0.014599610782614876
3.469446951953614e-18 0.01459961078261488 0.014599610782614876
3.469446951953614e-18 0.01459961078261488 0.014599610782614876
3.469446951953614e-18 0.01459961078261488 0.014599610782614876
3.469446951953614e-18 0.01459961078261488 0.014599610782614876
3.469446951953614e-18 0.01459961078261488 0.014599610782614876
3.469446951953614e-18 0.01459961078261488 0.014599610782614876
3.469446951953614e-18 0.01459961078261488 0.014599610782614876
3.469446951953614e-18 0.01459961078261488 0.014599610782614876
3.469446951953614e-18 0.01459961078261488 0.014599610782614876
3.469446951953614e-18 0.01459961078261488 0.014599610782614876
3.469446951953614e-18 0.01459961078261488 0.014599610782614876
3.469446951953614e-18 0.01459961078261488 0.014599610782614876
3.469446951953614e-18 0.01459961078261488 0.014599610782614876
3.469446951953614e-18 0.01459961078261488 0.014599610782614876
3.469446951953614e-18 0.01459961078261488 0.014599610782614876
3.469446951953614e-18 0.01459961078261488 0.014599610782614876
3.469446951953614e-18 0.01459961078261488 0.014599610782614876
3.469446951953614e-18 0.01459961078261488 0.014599610782614876
3.469446951953614e-18 0.01459961078261488 0.014599610782614876
3.469446951953614e-18 0.01459961078261488 0.014599610782614876
3.469446951953614e-18 0.01459961078261488 0.014599610782614876
3.469446951953614e-18 0.01459961078261488 0.014599610782614876
3.469446951953614e-18 0.01459961078261488 0.014599610782614876
3.469446951953614e-18 0.01459961078261488 0.014599610782614876
3.469446951953614e-18 0.01459961078261488 0.014599610782614876
3.469446951953614e-18 0.01459961078261488 0.014599610782614876
3.469446951953614e-18 0.01459961078261488 0.014599610782614876
3.469446951953614e-18 0.01459961078261488 0.014599610782614876
3.469446951953614e-18 0.01459961078261488 0.014599610782614876
3.469446951953614e-18 0.01459961078261488 0.014599610782614876
3.469446951953614e-18 0.01459961078261488 0.014599610782614876
3.469446951953614e-18 0.01459961078261488 0.014599610782614876
3.469446951953614e-18 0.01459961078261488 0.014599610782614876
3.469446951953614e-18 0.01459961078261488 0.014599610782614876
3.469446951953614e-18 0.01459961078261488 0.014599610782614876
3.469446951953614e-18 0.01459961078261488 0.014599610782614876
3.469446951953614e-18 0.01459961078261488 0.014599610782614876
3.469446951953614e-18 0.01459961078261488 0.014599610782614876
3.469446951953614e-18 0.01459961078261488 0.014599610782614876
3.469446951953614e-18 0.01459961078261488 0.014599610782614876
3.469446951953614e-18 0.01459961078261488 0.014599610782614876
3.469446951953614e-18 0.01459961078261488 0.014599610782614876
3.469446951953614e-18 0.01459961078261488 0.014599610782614876
3.469446951953614e-18 0.01459961078261488 0.014599610782614876
3.469446951953614e-18 0.01459961078261488 0.014599610782614876
3.469446951953614e-18 0.01459961078261488 0.014599610782614876
3.469446951953614e-18 0.01459961078261488 0.014599610782614876
3.469446951953614e-18 0.01459961078261488 0.014599610782614876
3.469446951953614e-18 0.01459961078261488 0.014599610782614876
3.469446951953614e-18 0.01459961078261488 0.014599610782614876
3.469446951953614e-18 0.01459961078261488 0.014599610782614876
3.469446951953614e-18 0.01459961078261488 0.014599610782614876
3.469446951953614e-18 0.01459961078261488 0.014599610782614876
3.469446951953614e-18 0.01459961078261488 0.014599610782614876
3.469446951953614e-18 0.01459961078261488 0.014599610782614876
3.469446951953614e-18 0.01459961078261488 0.014599610782614876
3.469446951953614e-18 0.01459961078261488 0.014599610782614876
3.469446951953614e-18 0.01459961078261488 0.014599610782614876
3.469446951953614e-18 0.01459961078261488 0.014599610782614876
3.469446951953614e-18 0.01459961078261488 0.014599610782614876
3.469446951953614e-18 0.01459961078261488 0.014599610782614876
3.469446951953614e-18 0.01459961078261488 0.014599610782614876
3.469446951953614e-18 0.01459961078261488 0.014599610782614876
3.469446951953614e-18 0.01459961078261488 0.014599610782614876
3.469446951953614e-18 0.01459961078261488 0.014599610782614876
3.469446951953614e-18 0.01459961078261488 0.014599610782614876
3.469446951953614e-18 0.01459961078261488 0.014599610782614876
3.469446951953614e-18 0.01459961078261488 0.014599610782614876
3.469446951953614e-18 0.01459961078261488 0.014599610782614876
3.469446951953614e-18 0.01459961078261488 0.014599610782614876
3.469446951953614e-18 0.01459961078261488 0.014599610782614876
3.469446951953614e-18 0.01459961078261488 0.014599610782614876
3.469446951953614e-18 0.01459961078261488 0.014599610782614876
3.469446951953614e-18 0.01459961078261488 0.014599610782614876
3.469446951953614e-18 0.01459961078261488 0.014599610782614876
3.469446951953614e-18 0.01459961078261488 0.014599610782614876
3.469446951953614e-18 0.01459961078261488 0.014599610782614876
3.469446951953614e-18 0.01459961078261488 0.014599610782614876
3.469446951953614e-18 0.01459961078261488 0.014599610782614876
3.469446951953614e-18 0.01459961078261488 0.014599610782614876
3.469446951953614e-18 0.01459961078261488 0.014599610782614876
3.469446951953614e-18 0.01459961078261488 0.014599610782614876
3.469446951953614e-18 0.01459961078261488 0.014599610782614876
3.469446951953614e-18 0.01459961078261488 0.014599610782614876
3.469446951953614e-18 0.01459961078261488 0.014599610782614876
3.469446951953614e-18 0.01459961078261488 0.014599610782614876
3.469446951953614e-18 0.01459961078261488 0.014599610782614876
3.469446951953614e-18 0.01459961078261488 0.014599610782614876
3.469446951953614e-18 0.01459961078261488 0.014599610782614876
3.469446951953614e-18 0.01459961078261488 0.014599610782614876
3.469446951953614e-18 0.01459961078261488 0.014599610782614876
3.469446951953614e-18 0.01459961078261488 0.014599610782614876
3.469446951953614e-18 0.01459961078261488 0.014599610782614876
3.469446951953614e-18 0.01459961078261488 0.014599610782614876
3.469446951953614e-18 0.01459961078261488 0.014599610782614876
3.469446951953614e-18 0.01459961078261488 0.014599610782614876
3.469446951953614e-18 0.01459961078261488 0.014599610782614876
3.469446951953614e-18 0.01459961078261488 0.014599610782614876
3.469446951953614e-18 0.01459961078261488 0.014599610782614876
3.469446951953614e-18 0.01459961078261488 0.014599610782614876
3.469446951953614e-18 0.01459961078261488 0.014599610782614876
3.469446951953614e-18 0.01459961078261488 0.014599610782614876
3.469446951953614e-18 0.01459961078261488 0.014599610782614876
3.469446951953614e-18 0.01459961078261488 0.014599610782614876
3.469446951953614e-18 0.01459961078261488 0.014599610782614876
3.469446951953614e-18 0.01459961078261488 0.014599610782614876
3.469446951953614e-18 0.01459961078261488 0.014599610782614876
3.469446951953614e-18 0.01459961078261488 0.014599610782614876
3.469446951953614e-18 0.01459961078261488 0.014599610782614876
3.469446951953614e-18 0.01459961078261488 0.014599610782614876
3.469446951953614e-18 0.01459961078261488 0.014599610782614876
3.469446951953614e-18 0.01459961078261488 0.014599610782614876
3.469446951953614e-18 0.01459961078261488 0.014599610782614876
3.469446951953614e-18 0.01459961078261488 0.014599610782614876
3.469446951953614e-18 0.01459961078261488 0.014599610782614876
3.469446951953614e-18 0.01459961078261488 0.014599610782614876
3.469446951953614e-18 0.01459961078261488 0.014599610782614876
3.469446951953614e-18 0.01459961078261488 0.014599610782614876
3.469446951953614e-18 0.01459961078261488 0.014599610782614876
3.469446951953614e-18 0.01459961078261488 0.014599610782614876
3.469446951953614e-18 0.01459961078261488 0.014599610782614876
3.469446951953614e-18 0.01459961078261488 0.014599610782614876
3.469446951953614e-18 0.01459961078261488 0.014599610782614876
3.469446951953614e-18 0.01459961078261488 0.014599610782614876
3.469446951953614e-18 0.01459961078261488 0.014599610782614876
3.469446951953614e-18 0.01459961078261488 0.014599610782614876
3.469446951953614e-18 0.01459961078261488 0.014599610782614876
3.469446951953614e-18 0.01459961078261488 0.014599610782614876
3.469446951953614e-18 0.01459961078261488 0.014599610782614876
3.469446951953614e-18 0.01459961078261488 0.014599610782614876
3.469446951953614e-18 0.01459961078261488 0.014599610782614876
3.469446951953614e-18 0.01459961078261488 0.014599610782614876
3.469446951953614e-18 0.01459961078261488 0.014599610782614876
3.469446951953614e-18 0.01459961078261488 0.014599610782614876
3.469446951953614e-18 0.01459961078261488 0.014599610782614876
3.469446951953614e-18 0.01459961078261488 0.014599610782614876
3.469446951953614e-18 0.01459961078261488 0.014599610782614876
3.469446951953614e-18 0.01459961078261488 0.014599610782614876
3.469446951953614e-18 0.01459961078261488 0.014599610782614876
3.469446951953614e-18 0.01459961078261488 0.014599610782614876
3.469446951953614e-18 0.01459961078261488 0.014599610782614876
3.469446951953614e-18 0.01459961078261488 0.014599610782614876
3.469446951953614e-18 0.01459961078261488 0.014599610782614876
3.469446951953614e-18 0.01459961078261488 0.014599610782614876
3.469446951953614e-18 0.01459961078261488 0.014599610782614876
3.469446951953614e-18 0.01459961078261488 0.014599610782614876
3.469446951953614e-18 0.01459961078261488 0.014599610782614876
3.469446951953614e-18 0.01459961078261488 0.014599610782614876
3.469446951953614e-18 0.01459961078261488 0.014599610782614876
3.469446951953614e-18 0.01459961078261488 0.014599610782614876
3.469446951953614e-18 0.01459961078261488 0.014599610782614876
3.469446951953614e-18 0.01459961078261488 0.014599610782614876
3.469446951953614e-18 0.01459961078261488 0.014599610782614876
3.469446951953614e-18 0.01459961078261488 0.014599610782614876
3.469446951953614e-18 0.01459961078261488 0.014599610782614876
3.469446951953614e-18 0.01459961078261488 0.014599610782614876
3.469446951953614e-18 0.01459961078261488 0.014599610782614876
3.469446951953614e-18 0.01459961078261488 0.014599610782614876
3.469446951953614e-18 0.01459961078261488 0.014599610782614876
3.469446951953614e-18 0.01459961078261488 0.014599610782614876
3.469446951953614e-18 0.01459961078261488 0.014599610782614876
3.469446951953614e-18 0.01459961078261488 0.014599610782614876
3.469446951953614e-18 0.01459961078261488 0.014599610782614876
3.469446951953614e-18 0.01459961078261488 0.014599610782614876
3.469446951953614e-18 0.01459961078261488 0.014599610782614876
3.469446951953614e-18 0.01459961078261488 0.014599610782614876
3.469446951953614e-18 0.01459961078261488 0.014599610782614876
3.469446951953614e-18 0.01459961078261488 0.014599610782614876
3.469446951953614e-18 0.01459961078261488 0.014599610782614876
3.469446951953614e-18 0.01459961078261488 0.014599610782614876
3.469446951953614e-18 0.01459961078261488 0.014599610782614876
3.469446951953614e-18 0.01459961078261488 0.014599610782614876
3.469446951953614e-18 0.01459961078261488 0.014599610782614876
3.469446951953614e-18 0.01459961078261488 0.014599610782614876
3.469446951953614e-18 0.01459961078261488 0.014599610782614876
3.469446951953614e-18 0.01459961078261488 0.014599610782614876
3.469446951953614e-18 0.01459961078261488 0.014599610782614876
3.469446951953614e-18 0.01459961078261488 0.014599610782614876
3.469446951953614e-18 0.01459961078261488 0.014599610782614876
3.469446951953614e-18 0.01459961078261488 0.014599610782614876
3.469446951953614e-18 0.01459961078261488 0.014599610782614876
3.469446951953614e-18 0.01459961078261488 0.014599610782614876
3.469446951953614e-18 0.01459961078261488 0.014599610782614876
3.469446951953614e-18 0.01459961078261488 0.014599610782614876
3.469446951953614e-18 0.01459961078261488 0.014599610782614876
3.469446951953614e-18 0.01459961078261488 0.014599610782614876
3.469446951953614e-18 0.01459961078261488 0.014599610782614876
3.469446951953614e-18 0.01459961078261488 0.014599610782614876
3.469446951953614e-18 0.01459961078261488 0.014599610782614876
3.469446951953614e-18 0.01459961078261488 0.014599610782614876
3.469446951953614e-18 0.01459961078261488 0.014599610782614876
3.469446951953614e-18 0.01459961078261488 0.014599610782614876
3.469446951953614e-18 0.01459961078261488 0.014599610782614876
3.469446951953614e-18 0.01459961078261488 0.014599610782614876
3.469446951953614e-18 0.01459961078261488 0.014599610782614876
3.469446951953614e-18 0.01459961078261488 0.014599610782614876
3.469446951953614e-18 0.01459961078261488 0.014599610782614876
3.469446951953614e-18 0.01459961078261488 0.014599610782614876
3.469446951953614e-18 0.01459961078261488 0.014599610782614876
3.469446951953614e-18 0.01459961078261488 0.014599610782614876
3.469446951953614e-18 0.01459961078261488 0.014599610782614876
3.469446951953614e-18 0.01459961078261488 0.014599610782614876
3.469446951953614e-18 0.01459961078261488 0.014599610782614876
3.469446951953614e-18 0.01459961078261488 0.014599610782614876
3.469446951953614e-18 0.01459961078261488 0.014599610782614876
3.469446951953614e-18 0.01459961078261488 0.014599610782614876
3.469446951953614e-18 0.01459961078261488 0.014599610782614876
3.469446951953614e-18 0.01459961078261488 0.014599610782614876
3.469446951953614e-18 0.01459961078261488 0.014599610782614876
3.469446951953614e-18 0.01459961078261488 0.014599610782614876
3.469446951953614e-18 0.01459961078261488 0.014599610782614876
3.469446951953614e-18 0.01459961078261488 0.014599610782614876
3.469446951953614e-18 0.01459961078261488 0.014599610782614876
3.469446951953614e-18 0.01459961078261488 0.014599610782614876
3.469446951953614e-18 0.01459961078261488 0.014599610782614876
3.469446951953614e-18 0.01459961078261488 0.014599610782614876
3.469446951953614e-18 0.01459961078261488 0.014599610782614876
3.469446951953614e-18 0.01459961078261488 0.014599610782614876
3.469446951953614e-18 0.01459961078261488 0.014599610782614876
3.469446951953614e-18 0.01459961078261488 0.014599610782614876
3.469446951953614e-18 0.01459961078261488 0.014599610782614876
3.469446951953614e-18 0.01459961078261488 0.014599610782614876
3.469446951953614e-18 0.01459961078261488 0.014599610782614876
3.469446951953614e-18 0.01459961078261488 0.014599610782614876
3.469446951953614e-18 0.01459961078261488 0.014599610782614876
3.469446951953614e-18 0.01459961078261488 0.014599610782614876
3.469446951953614e-18 0.01459961078261488 0.014599610782614876
3.469446951953614e-18 0.01459961078261488 0.014599610782614876
3.469446951953614e-18 0.01459961078261488 0.014599610782614876
3.469446951953614e-18 0.01459961078261488 0.014599610782614876
3.469446951953614e-18 0.01459961078261488 0.014599610782614876
3.469446951953614e-18 0.01459961078261488 0.014599610782614876
3.469446951953614e-18 0.01459961078261488 0.014599610782614876
3.469446951953614e-18 0.01459961078261488 0.014599610782614876
3.469446951953614e-18 0.01459961078261488 0.014599610782614876
3.469446951953614e-18 0.01459961078261488 0.014599610782614876
3.469446951953614e-18 0.01459961078261488 0.014599610782614876
3.469446951953614e-18 0.01459961078261488 0.014599610782614876
3.469446951953614e-18 0.01459961078261488 0.014599610782614876
3.469446951953614e-18 0.01459961078261488 0.014599610782614876
3.469446951953614e-18 0.01459961078261488 0.014599610782614876
3.469446951953614e-18 0.01459961078261488 0.014599610782614876
3.469446951953614e-18 0.01459961078261488 0.014599610782614876
3.469446951953614e-18 0.01459961078261488 0.014599610782614876
3.469446951953614e-18 0.01459961078261488 0.014599610782614876
3.469446951953614e-18 0.01459961078261488 0.014599610782614876
3.469446951953614e-18 0.01459961078261488 0.014599610782614876
3.469446951953614e-18 0.01459961078261488 0.014599610782614876
3.469446951953614e-18 0.01459961078261488 0.014599610782614876
3.469446951953614e-18 0.01459961078261488 0.014599610782614876
3.469446951953614e-18 0.01459961078261488 0.014599610782614876
3.469446951953614e-18 0.01459961078261488 0.014599610782614876
3.469446951953614e-18 0.01459961078261488 0.014599610782614876
3.469446951953614e-18 0.01459961078261488 0.014599610782614876
3.469446951953614e-18 0.01459961078261488 0.014599610782614876
3.469446951953614e-18 0.01459961078261488 0.014599610782614876
3.469446951953614e-18 0.01459961078261488 0.014599610782614876
3.469446951953614e-18 0.01459961078261488 0.014599610782614876
3.469446951953614e-18 0.01459961078261488 0.014599610782614876
3.469446951953614e-18 0.01459961078261488 0.014599610782614876
3.469446951953614e-18 0.01459961078261488 0.014599610782614876
3.469446951953614e-18 0.01459961078261488 0.014599610782614876
3.469446951953614e-18 0.01459961078261488 0.014599610782614876
3.469446951953614e-18 0.01459961078261488 0.014599610782614876
3.469446951953614e-18 0.01459961078261488 0.014599610782614876
3.469446951953614e-18 0.01459961078261488 0.014599610782614876
3.469446951953614e-18 0.01459961078261488 0.014599610782614876
3.469446951953614e-18 0.01459961078261488 0.014599610782614876
3.469446951953614e-18 0.01459961078261488 0.014599610782614876
3.469446951953614e-18 0.01459961078261488 0.014599610782614876
3.469446951953614e-18 0.01459961078261488 0.014599610782614876
3.469446951953614e-18 0.01459961078261488 0.014599610782614876
3.469446951953614e-18 0.01459961078261488 0.014599610782614876
3.469446951953614e-18 0.01459961078261488 0.014599610782614876
3.469446951953614e-18 0.01459961078261488 0.014599610782614876
3.469446951953614e-18 0.01459961078261488 0.014599610782614876
3.469446951953614e-18 0.01459961078261488 0.014599610782614876
3.469446951953614e-18 0.01459961078261488 0.014599610782614876
3.469446951953614e-18 0.01459961078261488 0.014599610782614876
3.469446951953614e-18 0.01459961078261488 0.014599610782614876
3.469446951953614e-18 0.01459961078261488 0.014599610782614876
3.469446951953614e-18 0.01459961078261488 0.014599610782614876
3.469446951953614e-18 0.01459961078261488 0.014599610782614876
3.469446951953614e-18 0.01459961078261488 0.014599610782614876
3.469446951953614e-18 0.01459961078261488 0.014599610782614876
3.469446951953614e-18 0.01459961078261488 0.014599610782614876
3.469446951953614e-18 0.01459961078261488 0.014599610782614876
3.469446951953614e-18 0.01459961078261488 0.014599610782614876
3.469446951953614e-18 0.01459961078261488 0.014599610782614876
3.469446951953614e-18 0.01459961078261488 0.014599610782614876
3.469446951953614e-18 0.01459961078261488 0.014599610782614876
3.469446951953614e-18 0.01459961078261488 0.014599610782614876
3.469446951953614e-18 0.01459961078261488 0.014599610782614876
3.469446951953614e-18 0.01459961078261488 0.014599610782614876
3.469446951953614e-18 0.01459961078261488 0.014599610782614876
3.469446951953614e-18 0.01459961078261488 0.014599610782614876
3.469446951953614e-18 0.01459961078261488 0.014599610782614876
3.469446951953614e-18 0.01459961078261488 0.014599610782614876
3.469446951953614e-18 0.01459961078261488 0.014599610782614876
3.469446951953614e-18 0.01459961078261488 0.014599610782614876
3.469446951953614e-18 0.01459961078261488 0.014599610782614876
3.469446951953614e-18 0.01459961078261488 0.014599610782614876
3.469446951953614e-18 0.01459961078261488 0.014599610782614876
3.469446951953614e-18 0.01459961078261488 0.014599610782614876
3.469446951953614e-18 0.01459961078261488 0.014599610782614876
3.469446951953614e-18 0.01459961078261488 0.014599610782614876
3.469446951953614e-18 0.01459961078261488 0.014599610782614876
3.469446951953614e-18 0.01459961078261488 0.014599610782614876
3.469446951953614e-18 0.01459961078261488 0.014599610782614876
3.469446951953614e-18 0.01459961078261488 0.014599610782614876
3.469446951953614e-18 0.01459961078261488 0.014599610782614876
3.469446951953614e-18 0.01459961078261488 0.014599610782614876
3.469446951953614e-18 0.01459961078261488 0.014599610782614876
3.469446951953614e-18 0.01459961078261488 0.014599610782614876
3.469446951953614e-18 0.01459961078261488 0.014599610782614876
3.469446951953614e-18 0.01459961078261488 0.014599610782614876
3.469446951953614e-18 0.01459961078261488 0.014599610782614876
3.469446951953614e-18 0.01459961078261488 0.014599610782614876
3.469446951953614e-18 0.01459961078261488 0.014599610782614876
3.469446951953614e-18 0.01459961078261488 0.014599610782614876
3.469446951953614e-18 0.01459961078261488 0.014599610782614876
3.469446951953614e-18 0.01459961078261488 0.014599610782614876
3.469446951953614e-18 0.01459961078261488 0.014599610782614876
3.469446951953614e-18 0.01459961078261488 0.014599610782614876
3.469446951953614e-18 0.01459961078261488 0.014599610782614876
3.469446951953614e-18 0.01459961078261488 0.014599610782614876
3.469446951953614e-18 0.01459961078261488 0.014599610782614876
3.469446951953614e-18 0.01459961078261488 0.014599610782614876
3.469446951953614e-18 0.01459961078261488 0.014599610782614876
3.469446951953614e-18 0.01459961078261488 0.014599610782614876
3.469446951953614e-18 0.01459961078261488 0.014599610782614876
