47204.2491700912 85392.71088811615 205377.96265963584
28239.004389333084 48841.37071698013 126404.01881977016
25086.273660549457 41693.53158528539 99999
25745.781492303933 39503.80007425112 99999
23943.081380599866 34593.85049885971 99999
20101.101165501488 29561.006816977217 99999
15869.690354382219 27045.093365012617 93045.64847192325
17172.947827575525 26375.861991028403 93045.64847192325
16582.749759823655 27430.079237878766 88311.81161705204
12914.76136303376 23530.62222513884 63785.48779531868
12518.794004095498 21664.099143585845 62989.54993843107
12582.419840830025 21050.378174321122 62989.54993843107
10702.49040884408 18818.498877571332 62503.387690537624
9377.738114894515 17168.74461814197 47685.31942684558
9205.59317467887 17185.681100545553 43055.13004666333
7884.451836005561 16039.865925725591 43055.13004666333
8773.30482120519 16241.638668257583 43055.13004666333
8089.223436931469 14863.32255697224 42738.394414829185
7098.951397374243 14308.945891062589 37526.83937303429
6630.476698713672 14130.20735416489 37526.83937303429
6422.877462024013 14847.30884889328 32701.842550898975
6047.489325487404 14710.163185807834 32701.842550898975
5543.465067737294 14319.717303276691 32701.842550898975
5316.873515196702 13963.484175154304 32701.842550898975
4886.185009641645 14011.511131176823 32701.842550898975
5310.296389638763 13790.163704345781 32701.842550898975
5691.82351262406 13855.89450036737 32701.842550898975
5483.1482940751275 13442.237274513003 32701.842550898975
5768.994451562126 13777.156160266886 32701.842550898975
5805.721271415095 13771.773503487137 32701.842550898975
5727.210124138901 13959.629206472433 32701.842550898975
5835.967199422234 13600.072959075385 32701.842550898975
5864.875994046476 14216.697393631102 32701.842550898975
6149.122834210011 14352.432300672159 32701.842550898975
5829.523477696226 14061.001779701428 32701.842550898975
5815.719343450592 13992.860095383441 32701.842550898975
5953.603251095917 13667.647261494632 32701.842550898975
5795.605718766082 13098.20117725462 32701.842550898975
4210.435101522999 12070.023883965448 32701.842550898975
4167.782876536674 11945.075393588759 32701.842550898975
4704.772123680216 11740.54530806027 32701.842550898975
5105.141857302069 11860.857792990242 32701.842550898975
5837.2442912245 12334.285945203714 32701.842550898975
5485.7033089133265 11918.52721716725 32701.842550898975
4691.463129665277 10970.267307735 32701.842550898975
4160.822834760343 10528.80820636274 32701.842550898975
2678.899422460756 9822.745145611994 32701.842550898975
1339.7501669665462 9575.860908252273 12638.247803654442
1199.956290723817 9248.462089927416 12602.382409451813
1204.214719164454 9139.052794877218 12599.016411678338
1174.771860751133 9212.774320066048 12575.222327531937
1179.6173204791592 9155.15618679517 12572.993793328453
1158.5869308917415 9236.169154074387 12570.514314171576
1027.15632332883 8999.987319884238 11961.716964595918
939.7496790734463 8770.65942009241 11792.189440329228
994.1738603933651 8786.590915634813 11792.189440329228
1032.0187399838062 8815.329985803493 11790.367626381369
967.3101339352258 8719.111726654903 11784.544652255056
855.3255709953324 8635.070153819652 10827.565312432478
794.1137669667128 8607.992515893144 10792.205485557606
706.3273378205204 8523.032894405367 10287.655699361569
678.3488650663246 8549.735287227653 10284.36684122887
615.9664523282412 8523.676116655712 10277.684060926043
534.1495708699235 8458.416427828088 10277.684060926043
410.3976716320439 8360.577876753225 9568.380449666487
316.063101334267 8261.484360995957 9009.273467314888
277.60306242763306 8228.342125777868 8971.337773757414
251.44524607461156 8185.704793524799 8936.699471549606
204.5469244704944 8164.93470982303 8933.721586667578
194.94655334785523 8164.9507638582445 8933.721586667578
193.29222184517343 8168.149385755586 8823.465202416042
172.5207351603722 8169.869981753545 8755.054029281191
163.00336661083853 8138.474481236788 8622.042039266795
161.12701381167207 8115.4506314333785 8621.796376114557
142.02467473571272 8100.2761059443 8578.993574519323
110.33373581650258 8085.9585127575465 8471.451434207856
93.62821089550675 8068.47778707759 8470.814772086984
84.03216886154492 8062.477811652193 8418.81669767906
67.58995273099195 8054.159874101783 8246.764488483856
55.822915653625984 8045.243728064142 8246.4667745417
53.76751603526095 8044.171085201837 8246.306602028426
34.68379663817702 8033.5515261147975 8246.123364755167
35.69485478882364 8034.085072200408 8246.123364755167
25.72809456754226 8029.980983315801 8245.984850048411
12.497910705291785 8027.8851224964565 8097.481514175699
5.384447562000396 8025.887444785205 8079.459367962414
8.529576082289218 8026.828271738956 8079.424669109125
3.0308126932240587 8025.63756821218 8055.790344425378
4.260651176380845 8025.942549464947 8055.771214896997
4.368895794187939 8026.094722292166 8055.756225189541
5.140482356744759 8026.488038736216 8055.717775362003
4.106350446025696 8026.02506802086 8055.697387065375
3.0195525367205587 8025.624100531504 8055.666180472837
0.030931897610716158 8025.316487963794 8025.3760124390055
0.029488610117839528 8025.312721290987 8025.365960196591
0.026836513713912127 8025.305272700415 8025.36014805372
0.02590929145592682 8025.3032119757445 8025.358269943137
0.021905569281418354 8025.300247781682 8025.351338007036
0.01939689720439161 8025.30047546634 8025.342460833971
0.016107550623437276 8025.294269109418 8025.332872822158
0.013662040934474451 8025.291652902874 8025.318898237487
0.011713479427675932 8025.289532377163 8025.314616382065
0.009740056228660624 8025.287612124494 8025.311497198778
0.008928864077846259 8025.2865093422115 8025.3079779798245
0.007382132407005218 8025.285413901974 8025.305339091994
0.006417963778635537 8025.286399994095 8025.302630643266
0.005415728923282819 8025.286396917093 8025.298742687078
0.004717548657000395 8025.285263495391 8025.295078152282
0.0041265300153999615 8025.284509328656 8025.292120620682
0.003772911003967011 8025.284184811864 8025.29169523658
0.003387593135903125 8025.283885277443 8025.2907242369965
0.0028950136267159696 8025.282790928735 8025.287610986043
0.00260163813565388 8025.28301084343 8025.28659221179
0.002323366282731618 8025.282107574466 8025.286005560885
0.0020878091595688242 8025.281779247265 8025.2852333788605
0.0018701554376223284 8025.281381732951 8025.285092624518
0.0015544143789910625 8025.281089321522 8025.2842211234565
0.0012909534493555058 8025.28075120009 8025.283269265149
0.0011688591786521156 8025.280570482806 8025.282753590716
0.0010550871259238535 8025.2801527568245 8025.282233508279
0.0009787752835008611 8025.280106907411 8025.281824374751
0.0008241692797258698 8025.280069865757 8025.281655022281
0.0007124707079948667 8025.2799868368475 8025.281150128739
0.0006588353616165623 8025.279929264562 8025.280973145348
0.0005676665110134512 8025.279848472752 8025.280951302548
0.000510004376371892 8025.279760938092 8025.280627565032
0.00045438968330703696 8025.279683049106 8025.280498501404
0.0004197870834079034 8025.2796101211015 8025.280401573189
0.00041406847700481094 8025.279525852256 8025.28034503113
0.00035588963571931987 8025.279460335542 8025.280165335688
0.0003412056517583165 8025.279404200161 8025.280117481267
0.0003005204380306074 8025.279337145774 8025.279964429656
0.00027563898683722346 8025.279316920067 8025.279964429656
0.00024021648165019747 8025.279244452836 8025.279764973199
0.00020763203530023742 8025.279189557086 8025.279692925312
0.00018928163559664196 8025.279147774778 8025.279564202041
0.00014037811288402467 8025.279095599802 8025.279422829792
0.0001167858443327329 8025.279074049835 8025.27937569339
0.0001034188087005602 8025.27907081146 8025.279251182622
9.097021285130092e-05 8025.279069883156 8025.279233094654
8.43923453872322e-05 8025.279073390428 8025.2792200393715
7.617812074452107e-05 8025.279054043931 8025.27919290106
7.014058035854092e-05 8025.279045702961 8025.279159985661
6.156592797814314e-05 8025.279032831448 8025.27912761982
5.5463004366057673e-05 8025.279026549917 8025.27912761982
4.935605945063631e-05 8025.279009971621 8025.279110136359
4.47116942707353e-05 8025.2790030482665 8025.279091773445
3.877126899327156e-05 8025.278999709482 8025.27908627551
3.2160380440945664e-05 8025.278994296141 8025.279053901424
2.831317457008585e-05 8025.278990903379 8025.279037377421
2.4567563811552852e-05 8025.278983280972 8025.279034380254
2.181517250509143e-05 8025.278983769176 8025.279025146233
1.9122105151497028e-05 8025.278983230818 8025.279017822369
1.6010401715144714e-05 8025.278984356314 8025.27901517594
1.4087936828010366e-05 8025.278980485535 8025.279004525714
1.2512013177249705e-05 8025.278978283252 8025.278999854113
1.1217833527851278e-05 8025.278976956927 8025.278998310115
1.1424680108195052e-05 8025.278975092802 8025.278993906483
1.132991238707554e-05 8025.278971841953 8025.278992864104
1.0122083535160906e-05 8025.278969783956 8025.278986532978
8.983219463105614e-06 8025.278968691102 8025.278984269474
8.135816615227124e-06 8025.2789665525615 8025.278980404922
7.003088477230525e-06 8025.278963429849 8025.2789757778455
6.014703164522334e-06 8025.2789626094245 8025.278974594141
5.383685791071138e-06 8025.278961840855 8025.278972107831
4.327977805447933e-06 8025.278960597848 8025.278969799649
3.4923072229998006e-06 8025.278959444674 8025.278968097218
2.689984582266662e-06 8025.278958394081 8025.278965296179
2.1772861065295537e-06 8025.278958047166 8025.278964240326
1.3307196137595155e-06 8025.2789573415685 8025.278962339816
8.778171669440523e-07 8025.278957061658 8025.278960119344
5.912809999010811e-07 8025.278956934653 8025.278958821383
5.016747526170943e-07 8025.2789568826465 8025.278958539434
3.185569393444539e-07 8025.27895675504 8025.2789580641465
2.256778895704715e-07 8025.278956715802 8025.27895770768
1.5886618291241392e-07 8025.278956685257 8025.2789574403305
9.43631918226193e-08 8025.278956662702 8025.278957089434
5.4046292212744276e-08 8025.27895664983 8025.2789569766455
4.799422949319831e-08 8025.278956650456 8025.278956892054
4.153385423726741e-08 8025.278956651026 8025.278956828612
3.163609202871597e-08 8025.2789566481715 8025.278956828612
2.0684726508307805e-08 8025.278956645394 8025.278956745341
1.244614219250551e-08 8025.278956641972 8025.278956718576
7.740490889347938e-09 8025.278956640718 8025.278956665329
4.686691683867889e-09 8025.278956639231 8025.278956665329
5.430702288907008e-09 8025.278956639739 8025.278956665329
4.403072097348364e-09 8025.278956639552 8025.278956662371
4.03989023866226e-09 8025.278956639673 8025.278956656349
3.570558921993137e-09 8025.278956639817 8025.27895665183
3.3926098651153405e-09 8025.278956639934 8025.2789566512965
2.850848807638597e-09 8025.278956639617 8025.27895664898
1.9774577592959753e-09 8025.278956639215 8025.2789566447
1.5372609488761999e-09 8025.278956639022 8025.2789566443
1.2882254367938967e-09 8025.278956638943 8025.278956642794
1.041565558796549e-09 8025.27895663877 8025.2789566423435
8.206896940311393e-10 8025.2789566386 8025.2789566413285
4.5726956101614673e-10 8025.278956638421 8025.278956640567
3.3874980862225286e-10 8025.278956638382 8025.278956639996
2.704133776405176e-10 8025.278956638351 8025.278956639567
1.7051267211156586e-10 8025.278956638318 8025.278956639246
1.4567743196902177e-10 8025.278956638317 8025.278956639006
1.3007160663868035e-10 8025.278956638315 8025.278956639006
9.649104433123051e-11 8025.278956638312 8025.278956638825
8.462666152484827e-11 8025.278956638309 8025.278956638688
7.389727005578384e-11 8025.278956638305 8025.278956638586
6.799803547910988e-11 8025.278956638308 8025.278956638567
4.2042566947632824e-11 8025.278956638296 8025.278956638495
3.2572229359788054e-11 8025.278956638294 8025.278956638442
2.8534227670327272e-11 8025.278956638293 8025.278956638403
2.060903755946898e-11 8025.278956638291 8025.278956638372
1.3992332871439849e-11 8025.278956638287 8025.278956638372
1.2941697355051116e-11 8025.278956638288 8025.278956638349
8.986065401354842e-12 8025.278956638286 8025.278956638349
5.083416403970521e-12 8025.278956638286 8025.2789566383035
4.989803246406228e-12 8025.278956638286 8025.278956638298
2.8631031889194116e-12 8025.278956638284 8025.2789566382935
2.7284841053187847e-12 8025.278956638284 8025.278956638282
2.7284841053187847e-12 8025.278956638284 8025.278956638282
2.7284841053187847e-12 8025.278956638284 8025.278956638282
2.7284841053187847e-12 8025.278956638284 8025.278956638282
2.7284841053187847e-12 8025.278956638284 8025.278956638282
2.7284841053187847e-12 8025.278956638284 8025.278956638282
2.7284841053187847e-12 8025.278956638284 8025.278956638282
2.7284841053187847e-12 8025.278956638284 8025.278956638282
2.7284841053187847e-12 8025.278956638284 8025.278956638282
2.7284841053187847e-12 8025.278956638284 8025.278956638282
2.7284841053187847e-12 8025.278956638284 8025.278956638282
2.7284841053187847e-12 8025.278956638284 8025.278956638282
2.7284841053187847e-12 8025.278956638284 8025.278956638282
2.7284841053187847e-12 8025.278956638284 8025.278956638282
2.7284841053187847e-12 8025.278956638284 8025.278956638282
2.7284841053187847e-12 8025.278956638284 8025.278956638282
2.7284841053187847e-12 8025.278956638284 8025.278956638282
2.7284841053187847e-12 8025.278956638284 8025.278956638282
2.7284841053187847e-12 8025.278956638284 8025.278956638282
2.7284841053187847e-12 8025.278956638284 8025.278956638282
2.7284841053187847e-12 8025.278956638284 8025.278956638282
2.7284841053187847e-12 8025.278956638284 8025.278956638282
2.7284841053187847e-12 8025.278956638284 8025.278956638282
2.7284841053187847e-12 8025.278956638284 8025.278956638282
2.7284841053187847e-12 8025.278956638284 8025.278956638282
2.7284841053187847e-12 8025.278956638284 8025.278956638282
2.7284841053187847e-12 8025.278956638284 8025.278956638282
2.7284841053187847e-12 8025.278956638284 8025.278956638282
2.7284841053187847e-12 8025.278956638284 8025.278956638282
2.7284841053187847e-12 8025.278956638284 8025.278956638282
2.7284841053187847e-12 8025.278956638284 8025.278956638282
2.7284841053187847e-12 8025.278956638284 8025.278956638282
2.7284841053187847e-12 8025.278956638284 8025.278956638282
2.7284841053187847e-12 8025.278956638284 8025.278956638282
2.7284841053187847e-12 8025.278956638284 8025.278956638282
2.7284841053187847e-12 8025.278956638284 8025.278956638282
2.7284841053187847e-12 8025.278956638284 8025.278956638282
2.7284841053187847e-12 8025.278956638284 8025.278956638282
2.7284841053187847e-12 8025.278956638284 8025.278956638282
2.7284841053187847e-12 8025.278956638284 8025.278956638282
2.7284841053187847e-12 8025.278956638284 8025.278956638282
2.7284841053187847e-12 8025.278956638284 8025.278956638282
2.7284841053187847e-12 8025.278956638284 8025.278956638282
2.7284841053187847e-12 8025.278956638284 8025.278956638282
2.7284841053187847e-12 8025.278956638284 8025.278956638282
2.7284841053187847e-12 8025.278956638284 8025.278956638282
2.7284841053187847e-12 8025.278956638284 8025.278956638282
2.7284841053187847e-12 8025.278956638284 8025.278956638282
2.7284841053187847e-12 8025.278956638284 8025.278956638282
2.7284841053187847e-12 8025.278956638284 8025.278956638282
2.7284841053187847e-12 8025.278956638284 8025.278956638282
2.7284841053187847e-12 8025.278956638284 8025.278956638282
2.7284841053187847e-12 8025.278956638284 8025.278956638282
2.7284841053187847e-12 8025.278956638284 8025.278956638282
2.7284841053187847e-12 8025.278956638284 8025.278956638282
2.7284841053187847e-12 8025.278956638284 8025.278956638282
2.7284841053187847e-12 8025.278956638284 8025.278956638282
2.7284841053187847e-12 8025.278956638284 8025.278956638282
2.7284841053187847e-12 8025.278956638284 8025.278956638282
2.7284841053187847e-12 8025.278956638284 8025.278956638282
2.7284841053187847e-12 8025.278956638284 8025.278956638282
2.7284841053187847e-12 8025.278956638284 8025.278956638282
2.7284841053187847e-12 8025.278956638284 8025.278956638282
2.7284841053187847e-12 8025.278956638284 8025.278956638282
2.7284841053187847e-12 8025.278956638284 8025.278956638282
2.7284841053187847e-12 8025.278956638284 8025.278956638282
2.7284841053187847e-12 8025.278956638284 8025.278956638282
2.7284841053187847e-12 8025.278956638284 8025.278956638282
2.7284841053187847e-12 8025.278956638284 8025.278956638282
2.7284841053187847e-12 8025.278956638284 8025.278956638282
2.7284841053187847e-12 8025.278956638284 8025.278956638282
2.7284841053187847e-12 8025.278956638284 8025.278956638282
2.7284841053187847e-12 8025.278956638284 8025.278956638282
2.7284841053187847e-12 8025.278956638284 8025.278956638282
2.7284841053187847e-12 8025.278956638284 8025.278956638282
2.7284841053187847e-12 8025.278956638284 8025.278956638282
2.7284841053187847e-12 8025.278956638284 8025.278956638282
2.7284841053187847e-12 8025.278956638284 8025.278956638282
2.7284841053187847e-12 8025.278956638284 8025.278956638282
2.7284841053187847e-12 8025.278956638284 8025.278956638282
2.7284841053187847e-12 8025.278956638284 8025.278956638282
2.7284841053187847e-12 8025.278956638284 8025.278956638282
2.7284841053187847e-12 8025.278956638284 8025.278956638282
2.7284841053187847e-12 8025.278956638284 8025.278956638282
2.7284841053187847e-12 8025.278956638284 8025.278956638282
2.7284841053187847e-12 8025.278956638284 8025.278956638282
2.7284841053187847e-12 8025.278956638284 8025.278956638282
2.7284841053187847e-12 8025.278956638284 8025.278956638282
2.7284841053187847e-12 8025.278956638284 8025.278956638282
2.7284841053187847e-12 8025.278956638284 8025.278956638282
2.7284841053187847e-12 8025.278956638284 8025.278956638282
2.7284841053187847e-12 8025.278956638284 8025.278956638282
2.7284841053187847e-12 8025.278956638284 8025.278956638282
2.7284841053187847e-12 8025.278956638284 8025.278956638282
2.7284841053187847e-12 8025.278956638284 8025.278956638282
2.7284841053187847e-12 8025.278956638284 8025.278956638282
2.7284841053187847e-12 8025.278956638284 8025.278956638282
2.7284841053187847e-12 8025.278956638284 8025.278956638282
2.7284841053187847e-12 8025.278956638284 8025.278956638282
2.7284841053187847e-12 8025.278956638284 8025.278956638282
2.7284841053187847e-12 8025.278956638284 8025.278956638282
2.7284841053187847e-12 8025.278956638284 8025.278956638282
2.7284841053187847e-12 8025.278956638284 8025.278956638282
2.7284841053187847e-12 8025.278956638284 8025.278956638282
2.7284841053187847e-12 8025.278956638284 8025.278956638282
2.7284841053187847e-12 8025.278956638284 8025.278956638282
2.7284841053187847e-12 8025.278956638284 8025.278956638282
2.7284841053187847e-12 8025.278956638284 8025.278956638282
2.7284841053187847e-12 8025.278956638284 8025.278956638282
2.7284841053187847e-12 8025.278956638284 8025.278956638282
2.7284841053187847e-12 8025.278956638284 8025.278956638282
2.7284841053187847e-12 8025.278956638284 8025.278956638282
2.7284841053187847e-12 8025.278956638284 8025.278956638282
2.7284841053187847e-12 8025.278956638284 8025.278956638282
2.7284841053187847e-12 8025.278956638284 8025.278956638282
2.7284841053187847e-12 8025.278956638284 8025.278956638282
2.7284841053187847e-12 8025.278956638284 8025.278956638282
2.7284841053187847e-12 8025.278956638284 8025.278956638282
2.7284841053187847e-12 8025.278956638284 8025.278956638282
2.7284841053187847e-12 8025.278956638284 8025.278956638282
2.7284841053187847e-12 8025.278956638284 8025.278956638282
2.7284841053187847e-12 8025.278956638284 8025.278956638282
2.7284841053187847e-12 8025.278956638284 8025.278956638282
2.7284841053187847e-12 8025.278956638284 8025.278956638282
2.7284841053187847e-12 8025.278956638284 8025.278956638282
2.7284841053187847e-12 8025.278956638284 8025.278956638282
2.7284841053187847e-12 8025.278956638284 8025.278956638282
2.7284841053187847e-12 8025.278956638284 8025.278956638282
2.7284841053187847e-12 8025.278956638284 8025.278956638282
2.7284841053187847e-12 8025.278956638284 8025.278956638282
2.7284841053187847e-12 8025.278956638284 8025.278956638282
2.7284841053187847e-12 8025.278956638284 8025.278956638282
2.7284841053187847e-12 8025.278956638284 8025.278956638282
2.7284841053187847e-12 8025.278956638284 8025.278956638282
2.7284841053187847e-12 8025.278956638284 8025.278956638282
2.7284841053187847e-12 8025.278956638284 8025.278956638282
2.7284841053187847e-12 8025.278956638284 8025.278956638282
2.7284841053187847e-12 8025.278956638284 8025.278956638282
2.7284841053187847e-12 8025.278956638284 8025.278956638282
2.7284841053187847e-12 8025.278956638284 8025.278956638282
2.7284841053187847e-12 8025.278956638284 8025.278956638282
2.7284841053187847e-12 8025.278956638284 8025.278956638282
2.7284841053187847e-12 8025.278956638284 8025.278956638282
2.7284841053187847e-12 8025.278956638284 8025.278956638282
2.7284841053187847e-12 8025.278956638284 8025.278956638282
2.7284841053187847e-12 8025.278956638284 8025.278956638282
2.7284841053187847e-12 8025.278956638284 8025.278956638282
2.7284841053187847e-12 8025.278956638284 8025.278956638282
2.7284841053187847e-12 8025.278956638284 8025.278956638282
2.7284841053187847e-12 8025.278956638284 8025.278956638282
2.7284841053187847e-12 8025.278956638284 8025.278956638282
2.7284841053187847e-12 8025.278956638284 8025.278956638282
2.7284841053187847e-12 8025.278956638284 8025.278956638282
2.7284841053187847e-12 8025.278956638284 8025.278956638282
2.7284841053187847e-12 8025.278956638284 8025.278956638282
2.7284841053187847e-12 8025.278956638284 8025.278956638282
2.7284841053187847e-12 8025.278956638284 8025.278956638282
2.7284841053187847e-12 8025.278956638284 8025.278956638282
2.7284841053187847e-12 8025.278956638284 8025.278956638282
2.7284841053187847e-12 8025.278956638284 8025.278956638282
2.7284841053187847e-12 8025.278956638284 8025.278956638282
2.7284841053187847e-12 8025.278956638284 8025.278956638282
2.7284841053187847e-12 8025.278956638284 8025.278956638282
2.7284841053187847e-12 8025.278956638284 8025.278956638282
2.7284841053187847e-12 8025.278956638284 8025.278956638282
2.7284841053187847e-12 8025.278956638284 8025.278956638282
2.7284841053187847e-12 8025.278956638284 8025.278956638282
2.7284841053187847e-12 8025.278956638284 8025.278956638282
2.7284841053187847e-12 8025.278956638284 8025.278956638282
2.7284841053187847e-12 8025.278956638284 8025.278956638282
2.7284841053187847e-12 8025.278956638284 8025.278956638282
2.7284841053187847e-12 8025.278956638284 8025.278956638282
2.7284841053187847e-12 8025.278956638284 8025.278956638282
2.7284841053187847e-12 8025.278956638284 8025.278956638282
2.7284841053187847e-12 8025.278956638284 8025.278956638282
2.7284841053187847e-12 8025.278956638284 8025.278956638282
2.7284841053187847e-12 8025.278956638284 8025.278956638282
2.7284841053187847e-12 8025.278956638284 8025.278956638282
2.7284841053187847e-12 8025.278956638284 8025.278956638282
2.7284841053187847e-12 8025.278956638284 8025.278956638282
2.7284841053187847e-12 8025.278956638284 8025.278956638282
2.7284841053187847e-12 8025.278956638284 8025.278956638282
2.7284841053187847e-12 8025.278956638284 8025.278956638282
2.7284841053187847e-12 8025.278956638284 8025.278956638282
2.7284841053187847e-12 8025.278956638284 8025.278956638282
2.7284841053187847e-12 8025.278956638284 8025.278956638282
2.7284841053187847e-12 8025.278956638284 8025.278956638282
2.7284841053187847e-12 8025.278956638284 8025.278956638282
2.7284841053187847e-12 8025.278956638284 8025.278956638282
2.7284841053187847e-12 8025.278956638284 8025.278956638282
2.7284841053187847e-12 8025.278956638284 8025.278956638282
2.7284841053187847e-12 8025.278956638284 8025.278956638282
2.7284841053187847e-12 8025.278956638284 8025.278956638282
2.7284841053187847e-12 8025.278956638284 8025.278956638282
2.7284841053187847e-12 8025.278956638284 8025.278956638282
2.7284841053187847e-12 8025.278956638284 8025.278956638282
2.7284841053187847e-12 8025.278956638284 8025.278956638282
2.7284841053187847e-12 8025.278956638284 8025.278956638282
2.7284841053187847e-12 8025.278956638284 8025.278956638282
2.7284841053187847e-12 8025.278956638284 8025.278956638282
2.7284841053187847e-12 8025.278956638284 8025.278956638282
2.7284841053187847e-12 8025.278956638284 8025.278956638282
2.7284841053187847e-12 8025.278956638284 8025.278956638282
2.7284841053187847e-12 8025.278956638284 8025.278956638282
2.7284841053187847e-12 8025.278956638284 8025.278956638282
2.7284841053187847e-12 8025.278956638284 8025.278956638282
2.7284841053187847e-12 8025.278956638284 8025.278956638282
2.7284841053187847e-12 8025.278956638284 8025.278956638282
2.7284841053187847e-12 8025.278956638284 8025.278956638282
2.7284841053187847e-12 8025.278956638284 8025.278956638282
2.7284841053187847e-12 8025.278956638284 8025.278956638282
2.7284841053187847e-12 8025.278956638284 8025.278956638282
2.7284841053187847e-12 8025.278956638284 8025.278956638282
2.7284841053187847e-12 8025.278956638284 8025.278956638282
2.7284841053187847e-12 8025.278956638284 8025.278956638282
2.7284841053187847e-12 8025.278956638284 8025.278956638282
2.7284841053187847e-12 8025.278956638284 8025.278956638282
2.7284841053187847e-12 8025.278956638284 8025.278956638282
2.7284841053187847e-12 8025.278956638284 8025.278956638282
2.7284841053187847e-12 8025.278956638284 8025.278956638282
2.7284841053187847e-12 8025.278956638284 8025.278956638282
2.7284841053187847e-12 8025.278956638284 8025.278956638282
2.7284841053187847e-12 8025.278956638284 8025.278956638282
2.7284841053187847e-12 8025.278956638284 8025.278956638282
2.7284841053187847e-12 8025.278956638284 8025.278956638282
2.7284841053187847e-12 8025.278956638284 8025.278956638282
2.7284841053187847e-12 8025.278956638284 8025.278956638282
2.7284841053187847e-12 8025.278956638284 8025.278956638282
2.7284841053187847e-12 8025.278956638284 8025.278956638282
2.7284841053187847e-12 8025.278956638284 8025.278956638282
2.7284841053187847e-12 8025.278956638284 8025.278956638282
2.7284841053187847e-12 8025.278956638284 8025.278956638282
2.7284841053187847e-12 8025.278956638284 8025.278956638282
2.7284841053187847e-12 8025.278956638284 8025.278956638282
2.7284841053187847e-12 8025.278956638284 8025.278956638282
2.7284841053187847e-12 8025.278956638284 8025.278956638282
2.7284841053187847e-12 8025.278956638284 8025.278956638282
2.7284841053187847e-12 8025.278956638284 8025.278956638282
2.7284841053187847e-12 8025.278956638284 8025.278956638282
2.7284841053187847e-12 8025.278956638284 8025.278956638282
2.7284841053187847e-12 8025.278956638284 8025.278956638282
2.7284841053187847e-12 8025.278956638284 8025.278956638282
2.7284841053187847e-12 8025.278956638284 8025.278956638282
2.7284841053187847e-12 8025.278956638284 8025.278956638282
2.7284841053187847e-12 8025.278956638284 8025.278956638282
2.7284841053187847e-12 8025.278956638284 8025.278956638282
2.7284841053187847e-12 8025.278956638284 8025.278956638282
2.7284841053187847e-12 8025.278956638284 8025.278956638282
2.7284841053187847e-12 8025.278956638284 8025.278956638282
2.7284841053187847e-12 8025.278956638284 8025.278956638282
2.7284841053187847e-12 8025.278956638284 8025.278956638282
2.7284841053187847e-12 8025.278956638284 8025.278956638282
2.7284841053187847e-12 8025.278956638284 8025.278956638282
2.7284841053187847e-12 8025.278956638284 8025.278956638282
2.7284841053187847e-12 8025.278956638284 8025.278956638282
2.7284841053187847e-12 8025.278956638284 8025.278956638282
2.7284841053187847e-12 8025.278956638284 8025.278956638282
2.7284841053187847e-12 8025.278956638284 8025.278956638282
2.7284841053187847e-12 8025.278956638284 8025.278956638282
2.7284841053187847e-12 8025.278956638284 8025.278956638282
2.7284841053187847e-12 8025.278956638284 8025.278956638282
2.7284841053187847e-12 8025.278956638284 8025.278956638282
2.7284841053187847e-12 8025.278956638284 8025.278956638282
2.7284841053187847e-12 8025.278956638284 8025.278956638282
2.7284841053187847e-12 8025.278956638284 8025.278956638282
2.7284841053187847e-12 8025.278956638284 8025.278956638282
2.7284841053187847e-12 8025.278956638284 8025.278956638282
2.7284841053187847e-12 8025.278956638284 8025.278956638282
2.7284841053187847e-12 8025.278956638284 8025.278956638282
2.7284841053187847e-12 8025.278956638284 8025.278956638282
2.7284841053187847e-12 8025.278956638284 8025.278956638282
2.7284841053187847e-12 8025.278956638284 8025.278956638282
2.7284841053187847e-12 8025.278956638284 8025.278956638282
2.7284841053187847e-12 8025.278956638284 8025.278956638282
2.7284841053187847e-12 8025.278956638284 8025.278956638282
2.7284841053187847e-12 8025.278956638284 8025.278956638282
2.7284841053187847e-12 8025.278956638284 8025.278956638282
2.7284841053187847e-12 8025.278956638284 8025.278956638282
2.7284841053187847e-12 8025.278956638284 8025.278956638282
2.7284841053187847e-12 8025.278956638284 8025.278956638282
2.7284841053187847e-12 8025.278956638284 8025.278956638282
2.7284841053187847e-12 8025.278956638284 8025.278956638282
2.7284841053187847e-12 8025.278956638284 8025.278956638282
2.7284841053187847e-12 8025.278956638284 8025.278956638282
2.7284841053187847e-12 8025.278956638284 8025.278956638282
2.7284841053187847e-12 8025.278956638284 8025.278956638282
2.7284841053187847e-12 8025.278956638284 8025.278956638282
2.7284841053187847e-12 8025.278956638284 8025.278956638282
2.7284841053187847e-12 8025.278956638284 8025.278956638282
2.7284841053187847e-12 8025.278956638284 8025.278956638282
2.7284841053187847e-12 8025.278956638284 8025.278956638282
2.7284841053187847e-12 8025.278956638284 8025.278956638282
2.7284841053187847e-12 8025.278956638284 8025.278956638282
2.7284841053187847e-12 8025.278956638284 8025.278956638282
2.7284841053187847e-12 8025.278956638284 8025.278956638282
2.7284841053187847e-12 8025.278956638284 8025.278956638282
2.7284841053187847e-12 8025.278956638284 8025.278956638282
2.7284841053187847e-12 8025.278956638284 8025.278956638282
2.7284841053187847e-12 8025.278956638284 8025.278956638282
2.7284841053187847e-12 8025.278956638284 8025.278956638282
2.7284841053187847e-12 8025.278956638284 8025.278956638282
2.7284841053187847e-12 8025.278956638284 8025.278956638282
2.7284841053187847e-12 8025.278956638284 8025.278956638282
2.7284841053187847e-12 8025.278956638284 8025.278956638282
2.7284841053187847e-12 8025.278956638284 8025.278956638282
2.7284841053187847e-12 8025.278956638284 8025.278956638282
2.7284841053187847e-12 8025.278956638284 8025.278956638282
2.7284841053187847e-12 8025.278956638284 8025.278956638282
2.7284841053187847e-12 8025.278956638284 8025.278956638282
2.7284841053187847e-12 8025.278956638284 8025.278956638282
2.7284841053187847e-12 8025.278956638284 8025.278956638282
2.7284841053187847e-12 8025.278956638284 8025.278956638282
2.7284841053187847e-12 8025.278956638284 8025.278956638282
2.7284841053187847e-12 8025.278956638284 8025.278956638282
2.7284841053187847e-12 8025.278956638284 8025.278956638282
2.7284841053187847e-12 8025.278956638284 8025.278956638282
2.7284841053187847e-12 8025.278956638284 8025.278956638282
2.7284841053187847e-12 8025.278956638284 8025.278956638282
2.7284841053187847e-12 8025.278956638284 8025.278956638282
2.7284841053187847e-12 8025.278956638284 8025.278956638282
2.7284841053187847e-12 8025.278956638284 8025.278956638282
2.7284841053187847e-12 8025.278956638284 8025.278956638282
2.7284841053187847e-12 8025.278956638284 8025.278956638282
2.7284841053187847e-12 8025.278956638284 8025.278956638282
2.7284841053187847e-12 8025.278956638284 8025.278956638282
2.7284841053187847e-12 8025.278956638284 8025.278956638282
2.7284841053187847e-12 8025.278956638284 8025.278956638282
2.7284841053187847e-12 8025.278956638284 8025.278956638282
2.7284841053187847e-12 8025.278956638284 8025.278956638282
2.7284841053187847e-12 8025.278956638284 8025.278956638282
2.7284841053187847e-12 8025.278956638284 8025.278956638282
2.7284841053187847e-12 8025.278956638284 8025.278956638282
2.7284841053187847e-12 8025.278956638284 8025.278956638282
2.7284841053187847e-12 8025.278956638284 8025.278956638282
2.7284841053187847e-12 8025.278956638284 8025.278956638282
2.7284841053187847e-12 8025.278956638284 8025.278956638282
2.7284841053187847e-12 8025.278956638284 8025.278956638282
2.7284841053187847e-12 8025.278956638284 8025.278956638282
2.7284841053187847e-12 8025.278956638284 8025.278956638282
2.7284841053187847e-12 8025.278956638284 8025.278956638282
2.7284841053187847e-12 8025.278956638284 8025.278956638282
2.7284841053187847e-12 8025.278956638284 8025.278956638282
2.7284841053187847e-12 8025.278956638284 8025.278956638282
2.7284841053187847e-12 8025.278956638284 8025.278956638282
2.7284841053187847e-12 8025.278956638284 8025.278956638282
2.7284841053187847e-12 8025.278956638284 8025.278956638282
2.7284841053187847e-12 8025.278956638284 8025.278956638282
2.7284841053187847e-12 8025.278956638284 8025.278956638282
2.7284841053187847e-12 8025.278956638284 8025.278956638282
2.7284841053187847e-12 8025.278956638284 8025.278956638282
2.7284841053187847e-12 8025.278956638284 8025.278956638282
2.7284841053187847e-12 8025.278956638284 8025.278956638282
2.7284841053187847e-12 8025.278956638284 8025.278956638282
2.7284841053187847e-12 8025.278956638284 8025.278956638282
2.7284841053187847e-12 8025.278956638284 8025.278956638282
2.7284841053187847e-12 8025.278956638284 8025.278956638282
2.7284841053187847e-12 8025.278956638284 8025.278956638282
2.7284841053187847e-12 8025.278956638284 8025.278956638282
2.7284841053187847e-12 8025.278956638284 8025.278956638282
2.7284841053187847e-12 8025.278956638284 8025.278956638282
2.7284841053187847e-12 8025.278956638284 8025.278956638282
2.7284841053187847e-12 8025.278956638284 8025.278956638282
2.7284841053187847e-12 8025.278956638284 8025.278956638282
2.7284841053187847e-12 8025.278956638284 8025.278956638282
2.7284841053187847e-12 8025.278956638284 8025.278956638282
2.7284841053187847e-12 8025.278956638284 8025.278956638282
2.7284841053187847e-12 8025.278956638284 8025.278956638282
2.7284841053187847e-12 8025.278956638284 8025.278956638282
2.7284841053187847e-12 8025.278956638284 8025.278956638282
2.7284841053187847e-12 8025.278956638284 8025.278956638282
2.7284841053187847e-12 8025.278956638284 8025.278956638282
2.7284841053187847e-12 8025.278956638284 8025.278956638282
2.7284841053187847e-12 8025.278956638284 8025.278956638282
2.7284841053187847e-12 8025.278956638284 8025.278956638282
2.7284841053187847e-12 8025.278956638284 8025.278956638282
2.7284841053187847e-12 8025.278956638284 8025.278956638282
2.7284841053187847e-12 8025.278956638284 8025.278956638282
2.7284841053187847e-12 8025.278956638284 8025.278956638282
2.7284841053187847e-12 8025.278956638284 8025.278956638282
2.7284841053187847e-12 8025.278956638284 8025.278956638282
2.7284841053187847e-12 8025.278956638284 8025.278956638282
2.7284841053187847e-12 8025.278956638284 8025.278956638282
2.7284841053187847e-12 8025.278956638284 8025.278956638282
2.7284841053187847e-12 8025.278956638284 8025.278956638282
2.7284841053187847e-12 8025.278956638284 8025.278956638282
2.7284841053187847e-12 8025.278956638284 8025.278956638282
2.7284841053187847e-12 8025.278956638284 8025.278956638282
2.7284841053187847e-12 8025.278956638284 8025.278956638282
2.7284841053187847e-12 8025.278956638284 8025.278956638282
2.7284841053187847e-12 8025.278956638284 8025.278956638282
2.7284841053187847e-12 8025.278956638284 8025.278956638282
2.7284841053187847e-12 8025.278956638284 8025.278956638282
2.7284841053187847e-12 8025.278956638284 8025.278956638282
2.7284841053187847e-12 8025.278956638284 8025.278956638282
2.7284841053187847e-12 8025.278956638284 8025.278956638282
2.7284841053187847e-12 8025.278956638284 8025.278956638282
2.7284841053187847e-12 8025.278956638284 8025.278956638282
2.7284841053187847e-12 8025.278956638284 8025.278956638282
2.7284841053187847e-12 8025.278956638284 8025.278956638282
2.7284841053187847e-12 8025.278956638284 8025.278956638282
2.7284841053187847e-12 8025.278956638284 8025.278956638282
2.7284841053187847e-12 8025.278956638284 8025.278956638282
2.7284841053187847e-12 8025.278956638284 8025.278956638282
2.7284841053187847e-12 8025.278956638284 8025.278956638282
2.7284841053187847e-12 8025.278956638284 8025.278956638282
2.7284841053187847e-12 8025.278956638284 8025.278956638282
2.7284841053187847e-12 8025.278956638284 8025.278956638282
2.7284841053187847e-12 8025.278956638284 8025.278956638282
2.7284841053187847e-12 8025.278956638284 8025.278956638282
2.7284841053187847e-12 8025.278956638284 8025.278956638282
2.7284841053187847e-12 8025.278956638284 8025.278956638282
2.7284841053187847e-12 8025.278956638284 8025.278956638282
2.7284841053187847e-12 8025.278956638284 8025.278956638282
2.7284841053187847e-12 8025.278956638284 8025.278956638282
2.7284841053187847e-12 8025.278956638284 8025.278956638282
2.7284841053187847e-12 8025.278956638284 8025.278956638282
2.7284841053187847e-12 8025.278956638284 8025.278956638282
2.7284841053187847e-12 8025.278956638284 8025.278956638282
2.7284841053187847e-12 8025.278956638284 8025.278956638282
2.7284841053187847e-12 8025.278956638284 8025.278956638282
2.7284841053187847e-12 8025.278956638284 8025.278956638282
2.7284841053187847e-12 8025.278956638284 8025.278956638282
2.7284841053187847e-12 8025.278956638284 8025.278956638282
2.7284841053187847e-12 8025.278956638284 8025.278956638282
2.7284841053187847e-12 8025.278956638284 8025.278956638282
2.7284841053187847e-12 8025.278956638284 8025.278956638282
2.7284841053187847e-12 8025.278956638284 8025.278956638282
2.7284841053187847e-12 8025.278956638284 8025.278956638282
2.7284841053187847e-12 8025.278956638284 8025.278956638282
2.7284841053187847e-12 8025.278956638284 8025.278956638282
2.7284841053187847e-12 8025.278956638284 8025.278956638282
2.7284841053187847e-12 8025.278956638284 8025.278956638282
2.7284841053187847e-12 8025.278956638284 8025.278956638282
2.7284841053187847e-12 8025.278956638284 8025.278956638282
2.7284841053187847e-12 8025.278956638284 8025.278956638282
1.798409351366462e-12 8025.278956638283 8025.278956638282
1.8189894035458565e-12 8025.278956638283 8025.278956638281
1.8189894035458565e-12 8025.278956638283 8025.278956638281
1.8189894035458565e-12 8025.278956638283 8025.278956638281
1.8189894035458565e-12 8025.278956638283 8025.278956638281
1.8189894035458565e-12 8025.278956638283 8025.278956638281
1.8189894035458565e-12 8025.278956638283 8025.278956638281
1.8189894035458565e-12 8025.278956638283 8025.278956638281
1.8189894035458565e-12 8025.278956638283 8025.278956638281
1.8189894035458565e-12 8025.278956638283 8025.278956638281
1.8189894035458565e-12 8025.278956638283 8025.278956638281
1.8189894035458565e-12 8025.278956638283 8025.278956638281
1.8189894035458565e-12 8025.278956638283 8025.278956638281
1.8189894035458565e-12 8025.278956638283 8025.278956638281
1.8189894035458565e-12 8025.278956638283 8025.278956638281
1.8189894035458565e-12 8025.278956638283 8025.278956638281
1.8189894035458565e-12 8025.278956638283 8025.278956638281
1.8189894035458565e-12 8025.278956638283 8025.278956638281
1.8189894035458565e-12 8025.278956638283 8025.278956638281
1.8189894035458565e-12 8025.278956638283 8025.278956638281
1.8189894035458565e-12 8025.278956638283 8025.278956638281
1.8189894035458565e-12 8025.278956638283 8025.278956638281
1.8189894035458565e-12 8025.278956638283 8025.278956638281
1.8189894035458565e-12 8025.278956638283 8025.278956638281
1.8189894035458565e-12 8025.278956638283 8025.278956638281
1.8189894035458565e-12 8025.278956638283 8025.278956638281
1.8189894035458565e-12 8025.278956638283 8025.278956638281
1.8189894035458565e-12 8025.278956638283 8025.278956638281
1.8189894035458565e-12 8025.278956638283 8025.278956638281
1.8189894035458565e-12 8025.278956638283 8025.278956638281
1.8189894035458565e-12 8025.278956638283 8025.278956638281
1.8189894035458565e-12 8025.278956638283 8025.278956638281
1.8189894035458565e-12 8025.278956638283 8025.278956638281
1.8189894035458565e-12 8025.278956638283 8025.278956638281
1.8189894035458565e-12 8025.278956638283 8025.278956638281
1.8189894035458565e-12 8025.278956638283 8025.278956638281
1.8189894035458565e-12 8025.278956638283 8025.278956638281
1.8189894035458565e-12 8025.278956638283 8025.278956638281
1.8189894035458565e-12 8025.278956638283 8025.278956638281
1.8189894035458565e-12 8025.278956638283 8025.278956638281
1.8189894035458565e-12 8025.278956638283 8025.278956638281
1.8189894035458565e-12 8025.278956638283 8025.278956638281
1.8189894035458565e-12 8025.278956638283 8025.278956638281
1.8189894035458565e-12 8025.278956638283 8025.278956638281
1.8189894035458565e-12 8025.278956638283 8025.278956638281
1.8189894035458565e-12 8025.278956638283 8025.278956638281
1.8189894035458565e-12 8025.278956638283 8025.278956638281
1.8189894035458565e-12 8025.278956638283 8025.278956638281
1.8189894035458565e-12 8025.278956638283 8025.278956638281
1.8189894035458565e-12 8025.278956638283 8025.278956638281
1.8189894035458565e-12 8025.278956638283 8025.278956638281
1.8189894035458565e-12 8025.278956638283 8025.278956638281
1.8189894035458565e-12 8025.278956638283 8025.278956638281
1.8189894035458565e-12 8025.278956638283 8025.278956638281
1.8189894035458565e-12 8025.278956638283 8025.278956638281
1.8189894035458565e-12 8025.278956638283 8025.278956638281
1.8189894035458565e-12 8025.278956638283 8025.278956638281
1.8189894035458565e-12 8025.278956638283 8025.278956638281
1.8189894035458565e-12 8025.278956638283 8025.278956638281
1.8189894035458565e-12 8025.278956638283 8025.278956638281
1.8189894035458565e-12 8025.278956638283 8025.278956638281
1.8189894035458565e-12 8025.278956638283 8025.278956638281
1.8189894035458565e-12 8025.278956638283 8025.278956638281
1.8189894035458565e-12 8025.278956638283 8025.278956638281
1.8189894035458565e-12 8025.278956638283 8025.278956638281
1.8189894035458565e-12 8025.278956638283 8025.278956638281
1.8189894035458565e-12 8025.278956638283 8025.278956638281
1.8189894035458565e-12 8025.278956638283 8025.278956638281
1.8189894035458565e-12 8025.278956638283 8025.278956638281
1.8189894035458565e-12 8025.278956638283 8025.278956638281
1.8189894035458565e-12 8025.278956638283 8025.278956638281
1.8189894035458565e-12 8025.278956638283 8025.278956638281
1.8189894035458565e-12 8025.278956638283 8025.278956638281
1.8189894035458565e-12 8025.278956638283 8025.278956638281
1.8189894035458565e-12 8025.278956638283 8025.278956638281
1.8189894035458565e-12 8025.278956638283 8025.278956638281
1.8189894035458565e-12 8025.278956638283 8025.278956638281
1.8189894035458565e-12 8025.278956638283 8025.278956638281
1.8189894035458565e-12 8025.278956638283 8025.278956638281
1.8189894035458565e-12 8025.278956638283 8025.278956638281
1.8189894035458565e-12 8025.278956638283 8025.278956638281
1.8189894035458565e-12 8025.278956638283 8025.278956638281
1.8189894035458565e-12 8025.278956638283 8025.278956638281
1.8189894035458565e-12 8025.278956638283 8025.278956638281
1.8189894035458565e-12 8025.278956638283 8025.278956638281
1.8189894035458565e-12 8025.278956638283 8025.278956638281
1.8189894035458565e-12 8025.278956638283 8025.278956638281
1.8189894035458565e-12 8025.278956638283 8025.278956638281
1.8189894035458565e-12 8025.278956638283 8025.278956638281
1.8189894035458565e-12 8025.278956638283 8025.278956638281
1.8189894035458565e-12 8025.278956638283 8025.278956638281
1.8189894035458565e-12 8025.278956638283 8025.278956638281
1.8189894035458565e-12 8025.278956638283 8025.278956638281
1.8189894035458565e-12 8025.278956638283 8025.278956638281
1.8189894035458565e-12 8025.278956638283 8025.278956638281
1.8189894035458565e-12 8025.278956638283 8025.278956638281
1.8189894035458565e-12 8025.278956638283 8025.278956638281
1.8189894035458565e-12 8025.278956638283 8025.278956638281
1.8189894035458565e-12 8025.278956638283 8025.278956638281
1.8189894035458565e-12 8025.278956638283 8025.278956638281
1.8189894035458565e-12 8025.278956638283 8025.278956638281
1.8189894035458565e-12 8025.278956638283 8025.278956638281
1.8189894035458565e-12 8025.278956638283 8025.278956638281
1.8189894035458565e-12 8025.278956638283 8025.278956638281
1.8189894035458565e-12 8025.278956638283 8025.278956638281
1.8189894035458565e-12 8025.278956638283 8025.278956638281
1.8189894035458565e-12 8025.278956638283 8025.278956638281
1.8189894035458565e-12 8025.278956638283 8025.278956638281
1.8189894035458565e-12 8025.278956638283 8025.278956638281
1.8189894035458565e-12 8025.278956638283 8025.278956638281
1.8189894035458565e-12 8025.278956638283 8025.278956638281
1.8189894035458565e-12 8025.278956638283 8025.278956638281
1.8189894035458565e-12 8025.278956638283 8025.278956638281
1.8189894035458565e-12 8025.278956638283 8025.278956638281
1.8189894035458565e-12 8025.278956638283 8025.278956638281
1.8189894035458565e-12 8025.278956638283 8025.278956638281
1.8189894035458565e-12 8025.278956638283 8025.278956638281
1.8189894035458565e-12 8025.278956638283 8025.278956638281
1.8189894035458565e-12 8025.278956638283 8025.278956638281
1.8189894035458565e-12 8025.278956638283 8025.278956638281
1.8189894035458565e-12 8025.278956638283 8025.278956638281
1.8189894035458565e-12 8025.278956638283 8025.278956638281
1.8189894035458565e-12 8025.278956638283 8025.278956638281
1.8189894035458565e-12 8025.278956638283 8025.278956638281
1.8189894035458565e-12 8025.278956638283 8025.278956638281
1.8189894035458565e-12 8025.278956638283 8025.278956638281
1.8189894035458565e-12 8025.278956638283 8025.278956638281
1.8189894035458565e-12 8025.278956638283 8025.278956638281
1.8189894035458565e-12 8025.278956638283 8025.278956638281
1.8189894035458565e-12 8025.278956638283 8025.278956638281
1.8189894035458565e-12 8025.278956638283 8025.278956638281
1.8189894035458565e-12 8025.278956638283 8025.278956638281
1.8189894035458565e-12 8025.278956638283 8025.278956638281
1.8189894035458565e-12 8025.278956638283 8025.278956638281
1.8189894035458565e-12 8025.278956638283 8025.278956638281
1.8189894035458565e-12 8025.278956638283 8025.278956638281
1.8189894035458565e-12 8025.278956638283 8025.278956638281
1.8189894035458565e-12 8025.278956638283 8025.278956638281
1.8189894035458565e-12 8025.278956638283 8025.278956638281
1.8189894035458565e-12 8025.278956638283 8025.278956638281
1.8189894035458565e-12 8025.278956638283 8025.278956638281
1.8189894035458565e-12 8025.278956638283 8025.278956638281
1.8189894035458565e-12 8025.278956638283 8025.278956638281
1.8189894035458565e-12 8025.278956638283 8025.278956638281
1.8189894035458565e-12 8025.278956638283 8025.278956638281
1.8189894035458565e-12 8025.278956638283 8025.278956638281
1.8189894035458565e-12 8025.278956638283 8025.278956638281
1.8189894035458565e-12 8025.278956638283 8025.278956638281
1.8189894035458565e-12 8025.278956638283 8025.278956638281
1.8189894035458565e-12 8025.278956638283 8025.278956638281
1.8189894035458565e-12 8025.278956638283 8025.278956638281
1.8189894035458565e-12 8025.278956638283 8025.278956638281
1.8189894035458565e-12 8025.278956638283 8025.278956638281
1.8189894035458565e-12 8025.278956638283 8025.278956638281
1.8189894035458565e-12 8025.278956638283 8025.278956638281
1.8189894035458565e-12 8025.278956638283 8025.278956638281
1.8189894035458565e-12 8025.278956638283 8025.278956638281
1.8189894035458565e-12 8025.278956638283 8025.278956638281
1.8189894035458565e-12 8025.278956638283 8025.278956638281
1.8189894035458565e-12 8025.278956638283 8025.278956638281
1.8189894035458565e-12 8025.278956638283 8025.278956638281
1.8189894035458565e-12 8025.278956638283 8025.278956638281
1.8189894035458565e-12 8025.278956638283 8025.278956638281
1.8189894035458565e-12 8025.278956638283 8025.278956638281
1.8189894035458565e-12 8025.278956638283 8025.278956638281
1.8189894035458565e-12 8025.278956638283 8025.278956638281
1.8189894035458565e-12 8025.278956638283 8025.278956638281
1.8189894035458565e-12 8025.278956638283 8025.278956638281
1.8189894035458565e-12 8025.278956638283 8025.278956638281
1.8189894035458565e-12 8025.278956638283 8025.278956638281
1.8189894035458565e-12 8025.278956638283 8025.278956638281
1.8189894035458565e-12 8025.278956638283 8025.278956638281
1.8189894035458565e-12 8025.278956638283 8025.278956638281
1.8189894035458565e-12 8025.278956638283 8025.278956638281
1.8189894035458565e-12 8025.278956638283 8025.278956638281
1.8189894035458565e-12 8025.278956638283 8025.278956638281
1.8189894035458565e-12 8025.278956638283 8025.278956638281
1.8189894035458565e-12 8025.278956638283 8025.278956638281
1.8189894035458565e-12 8025.278956638283 8025.278956638281
1.8189894035458565e-12 8025.278956638283 8025.278956638281
1.8189894035458565e-12 8025.278956638283 8025.278956638281
1.8189894035458565e-12 8025.278956638283 8025.278956638281
1.8189894035458565e-12 8025.278956638283 8025.278956638281
1.8189894035458565e-12 8025.278956638283 8025.278956638281
1.8189894035458565e-12 8025.278956638283 8025.278956638281
1.8189894035458565e-12 8025.278956638283 8025.278956638281
1.8189894035458565e-12 8025.278956638283 8025.278956638281
1.8189894035458565e-12 8025.278956638283 8025.278956638281
1.8189894035458565e-12 8025.278956638283 8025.278956638281
1.8189894035458565e-12 8025.278956638283 8025.278956638281
1.8189894035458565e-12 8025.278956638283 8025.278956638281
1.8189894035458565e-12 8025.278956638283 8025.278956638281
1.8189894035458565e-12 8025.278956638283 8025.278956638281
1.8189894035458565e-12 8025.278956638283 8025.278956638281
1.8189894035458565e-12 8025.278956638283 8025.278956638281
1.8189894035458565e-12 8025.278956638283 8025.278956638281
1.8189894035458565e-12 8025.278956638283 8025.278956638281
1.8189894035458565e-12 8025.278956638283 8025.278956638281
1.8189894035458565e-12 8025.278956638283 8025.278956638281
1.8189894035458565e-12 8025.278956638283 8025.278956638281
1.8189894035458565e-12 8025.278956638283 8025.278956638281
1.8189894035458565e-12 8025.278956638283 8025.278956638281
1.8189894035458565e-12 8025.278956638283 8025.278956638281
1.8189894035458565e-12 8025.278956638283 8025.278956638281
1.8189894035458565e-12 8025.278956638283 8025.278956638281
1.8189894035458565e-12 8025.278956638283 8025.278956638281
1.8189894035458565e-12 8025.278956638283 8025.278956638281
1.8189894035458565e-12 8025.278956638283 8025.278956638281
1.8189894035458565e-12 8025.278956638283 8025.278956638281
1.8189894035458565e-12 8025.278956638283 8025.278956638281
1.8189894035458565e-12 8025.278956638283 8025.278956638281
1.8189894035458565e-12 8025.278956638283 8025.278956638281
1.8189894035458565e-12 8025.278956638283 8025.278956638281
1.8189894035458565e-12 8025.278956638283 8025.278956638281
1.8189894035458565e-12 8025.278956638283 8025.278956638281
1.8189894035458565e-12 8025.278956638283 8025.278956638281
1.8189894035458565e-12 8025.278956638283 8025.278956638281
1.8189894035458565e-12 8025.278956638283 8025.278956638281
1.8189894035458565e-12 8025.278956638283 8025.278956638281
1.8189894035458565e-12 8025.278956638283 8025.278956638281
1.8189894035458565e-12 8025.278956638283 8025.278956638281
1.8189894035458565e-12 8025.278956638283 8025.278956638281
1.8189894035458565e-12 8025.278956638283 8025.278956638281
1.8189894035458565e-12 8025.278956638283 8025.278956638281
1.8189894035458565e-12 8025.278956638283 8025.278956638281
1.8189894035458565e-12 8025.278956638283 8025.278956638281
1.8189894035458565e-12 8025.278956638283 8025.278956638281
1.8189894035458565e-12 8025.278956638283 8025.278956638281
1.8189894035458565e-12 8025.278956638283 8025.278956638281
1.8189894035458565e-12 8025.278956638283 8025.278956638281
1.8189894035458565e-12 8025.278956638283 8025.278956638281
1.8189894035458565e-12 8025.278956638283 8025.278956638281
1.8189894035458565e-12 8025.278956638283 8025.278956638281
1.8189894035458565e-12 8025.278956638283 8025.278956638281
1.8189894035458565e-12 8025.278956638283 8025.278956638281
1.8189894035458565e-12 8025.278956638283 8025.278956638281
1.8189894035458565e-12 8025.278956638283 8025.278956638281
1.8189894035458565e-12 8025.278956638283 8025.278956638281
1.8189894035458565e-12 8025.278956638283 8025.278956638281
1.8189894035458565e-12 8025.278956638283 8025.278956638281
1.8189894035458565e-12 8025.278956638283 8025.278956638281
1.8189894035458565e-12 8025.278956638283 8025.278956638281
1.8189894035458565e-12 8025.278956638283 8025.278956638281
1.8189894035458565e-12 8025.278956638283 8025.278956638281
1.8189894035458565e-12 8025.278956638283 8025.278956638281
1.8189894035458565e-12 8025.278956638283 8025.278956638281
1.8189894035458565e-12 8025.278956638283 8025.278956638281
1.8189894035458565e-12 8025.278956638283 8025.278956638281
1.8189894035458565e-12 8025.278956638283 8025.278956638281
1.8189894035458565e-12 8025.278956638283 8025.278956638281
1.8189894035458565e-12 8025.278956638283 8025.278956638281
1.8189894035458565e-12 8025.278956638283 8025.278956638281
1.8189894035458565e-12 8025.278956638283 8025.278956638281
1.8189894035458565e-12 8025.278956638283 8025.278956638281
1.8189894035458565e-12 8025.278956638283 8025.278956638281
1.8189894035458565e-12 8025.278956638283 8025.278956638281
1.8189894035458565e-12 8025.278956638283 8025.278956638281
1.8189894035458565e-12 8025.278956638283 8025.278956638281
1.8189894035458565e-12 8025.278956638283 8025.278956638281
1.8189894035458565e-12 8025.278956638283 8025.278956638281
1.8189894035458565e-12 8025.278956638283 8025.278956638281
1.8189894035458565e-12 8025.278956638283 8025.278956638281
1.8189894035458565e-12 8025.278956638283 8025.278956638281
1.8189894035458565e-12 8025.278956638283 8025.278956638281
1.8189894035458565e-12 8025.278956638283 8025.278956638281
1.8189894035458565e-12 8025.278956638283 8025.278956638281
1.8189894035458565e-12 8025.278956638283 8025.278956638281
1.8189894035458565e-12 8025.278956638283 8025.278956638281
1.8189894035458565e-12 8025.278956638283 8025.278956638281
1.8189894035458565e-12 8025.278956638283 8025.278956638281
1.8189894035458565e-12 8025.278956638283 8025.278956638281
1.8189894035458565e-12 8025.278956638283 8025.278956638281
1.8189894035458565e-12 8025.278956638283 8025.278956638281
1.8189894035458565e-12 8025.278956638283 8025.278956638281
1.8189894035458565e-12 8025.278956638283 8025.278956638281
1.8189894035458565e-12 8025.278956638283 8025.278956638281
1.8189894035458565e-12 8025.278956638283 8025.278956638281
1.8189894035458565e-12 8025.278956638283 8025.278956638281
1.8189894035458565e-12 8025.278956638283 8025.278956638281
1.8189894035458565e-12 8025.278956638283 8025.278956638281
1.8189894035458565e-12 8025.278956638283 8025.278956638281
1.8189894035458565e-12 8025.278956638283 8025.278956638281
1.8189894035458565e-12 8025.278956638283 8025.278956638281
1.8189894035458565e-12 8025.278956638283 8025.278956638281
1.8189894035458565e-12 8025.278956638283 8025.278956638281
1.8189894035458565e-12 8025.278956638283 8025.278956638281
1.8189894035458565e-12 8025.278956638283 8025.278956638281
1.8189894035458565e-12 8025.278956638283 8025.278956638281
1.8189894035458565e-12 8025.278956638283 8025.278956638281
1.8189894035458565e-12 8025.278956638283 8025.278956638281
1.8189894035458565e-12 8025.278956638283 8025.278956638281
1.8189894035458565e-12 8025.278956638283 8025.278956638281
1.8189894035458565e-12 8025.278956638283 8025.278956638281
1.8189894035458565e-12 8025.278956638283 8025.278956638281
1.8189894035458565e-12 8025.278956638283 8025.278956638281
1.8189894035458565e-12 8025.278956638283 8025.278956638281
1.8189894035458565e-12 8025.278956638283 8025.278956638281
1.8189894035458565e-12 8025.278956638283 8025.278956638281
1.8189894035458565e-12 8025.278956638283 8025.278956638281
1.8189894035458565e-12 8025.278956638283 8025.278956638281
1.8189894035458565e-12 8025.278956638283 8025.278956638281
1.8189894035458565e-12 8025.278956638283 8025.278956638281
1.8189894035458565e-12 8025.278956638283 8025.278956638281
1.8189894035458565e-12 8025.278956638283 8025.278956638281
1.8189894035458565e-12 8025.278956638283 8025.278956638281
1.8189894035458565e-12 8025.278956638283 8025.278956638281
1.8189894035458565e-12 8025.278956638283 8025.278956638281
1.8189894035458565e-12 8025.278956638283 8025.278956638281
1.8189894035458565e-12 8025.278956638283 8025.278956638281
1.8189894035458565e-12 8025.278956638283 8025.278956638281
1.8189894035458565e-12 8025.278956638283 8025.278956638281
1.8189894035458565e-12 8025.278956638283 8025.278956638281
1.8189894035458565e-12 8025.278956638283 8025.278956638281
1.8189894035458565e-12 8025.278956638283 8025.278956638281
1.8189894035458565e-12 8025.278956638283 8025.278956638281
1.8189894035458565e-12 8025.278956638283 8025.278956638281
1.8189894035458565e-12 8025.278956638283 8025.278956638281
1.8189894035458565e-12 8025.278956638283 8025.278956638281
1.8189894035458565e-12 8025.278956638283 8025.278956638281
1.8189894035458565e-12 8025.278956638283 8025.278956638281
1.8189894035458565e-12 8025.278956638283 8025.278956638281
1.8189894035458565e-12 8025.278956638283 8025.278956638281
1.8189894035458565e-12 8025.278956638283 8025.278956638281
1.8189894035458565e-12 8025.278956638283 8025.278956638281
1.8189894035458565e-12 8025.278956638283 8025.278956638281
1.8189894035458565e-12 8025.278956638283 8025.278956638281
1.8189894035458565e-12 8025.278956638283 8025.278956638281
1.8189894035458565e-12 8025.278956638283 8025.278956638281
1.8189894035458565e-12 8025.278956638283 8025.278956638281
1.8189894035458565e-12 8025.278956638283 8025.278956638281
1.8189894035458565e-12 8025.278956638283 8025.278956638281
1.8189894035458565e-12 8025.278956638283 8025.278956638281
1.8189894035458565e-12 8025.278956638283 8025.278956638281
1.8189894035458565e-12 8025.278956638283 8025.278956638281
1.8189894035458565e-12 8025.278956638283 8025.278956638281
1.8189894035458565e-12 8025.278956638283 8025.278956638281
1.8189894035458565e-12 8025.278956638283 8025.278956638281
1.8189894035458565e-12 8025.278956638283 8025.278956638281
1.8189894035458565e-12 8025.278956638283 8025.278956638281
1.8189894035458565e-12 8025.278956638283 8025.278956638281
1.8189894035458565e-12 8025.278956638283 8025.278956638281
1.8189894035458565e-12 8025.278956638283 8025.278956638281
1.8189894035458565e-12 8025.278956638283 8025.278956638281
1.8189894035458565e-12 8025.278956638283 8025.278956638281
1.8189894035458565e-12 8025.278956638283 8025.278956638281
1.8189894035458565e-12 8025.278956638283 8025.278956638281
1.8189894035458565e-12 8025.278956638283 8025.278956638281
1.8189894035458565e-12 8025.278956638283 8025.278956638281
1.8189894035458565e-12 8025.278956638283 8025.278956638281
