2.087858084987166
2.087858084987166
2.087858084987166
2.087858084987166
2.087858084987166
2.087858084987166
2.087858084987166
2.087858084987166
2.087858084987166
2.087858084987166
2.087858084987166
2.087858084987166
2.087858084987166
2.087858084987166
2.087858084987166
2.087858084987166
2.087858084987166
2.087858084987166
2.087858084987166
2.087858084987166
2.087858084987166
2.087858084987166
2.087858084987166
2.087858084987166
2.087858084987166
2.087858084987166
2.087858084987166
2.087858084987166
2.087858084987166
2.087858084987166
2.087858084987166
2.087858084987166
2.087858084987166
2.087858084987166
2.087858084987166
2.087858084987166
2.087858084987166
2.087858084987166
2.087858084987166
2.087858084987166
2.087858084987166
2.087858084987166
2.087858084987166
2.087858084987166
2.087858084987166
2.087858084987166
2.087858084987166
2.087858084987166
2.087858084987166
2.087858084987166
2.087858084987166
1.9556465249416797
1.9556465249416797
1.9556465249416797
1.9556465249416797
1.9556465249416797
1.9556465249416797
1.9556465249416797
1.9556465249416797
1.9556465249416797
1.9556465249416797
1.9556465249416797
1.9556465249416797
1.9556465249416797
1.9556465249416797
1.9556465249416797
1.9556465249416797
1.9556465249416797
1.9556465249416797
1.9556465249416797
1.9556465249416797
1.9556465249416797
1.9556465249416797
1.9556465249416797
1.9556465249416797
1.9556465249416797
1.9556465249416797
1.9556465249416797
1.9556465249416797
1.9556465249416797
1.9556465249416797
1.9556465249416797
1.9556465249416797
1.9556465249416797
1.9556465249416797
1.9556465249416797
1.9556465249416797
1.9556465249416797
1.9556465249416797
1.9556465249416797
1.9556465249416797
1.9556465249416797
1.9556465249416797
1.9556465249416797
1.9556465249416797
1.9556465249416797
1.9556465249416797
1.9556465249416797
1.9556465249416797
1.9556465249416797
1.9556465249416797
1.9556465249416797
1.9556465249416797
1.9556465249416797
1.9556465249416797
1.9556465249416797
1.9556465249416797
1.9556465249416797
1.9556465249416797
1.9556465249416797
1.9556465249416797
1.9556465249416797
1.9556465249416797
1.9556465249416797
1.9556465249416797
1.9556465249416797
1.9556465249416797
1.9556465249416797
1.9556465249416797
1.9556465249416797
1.9556465249416797
1.9556465249416797
1.9556465249416797
1.9556465249416797
1.9556465249416797
1.9556465249416797
1.9556465249416797
1.9556465249416797
1.9556465249416797
1.9556465249416797
1.9556465249416797
1.9556465249416797
1.9556465249416797
1.9556465249416797
1.9556465249416797
1.9556465249416797
1.9556465249416797
1.9556465249416797
1.9556465249416797
1.9556465249416797
1.9556465249416797
1.9556465249416797
1.9556465249416797
1.9556465249416797
1.9556465249416797
1.9556465249416797
1.9556465249416797
1.9556465249416797
1.9556465249416797
1.9556465249416797
1.9556465249416797
1.9556465249416797
1.9556465249416797
1.9556465249416797
1.9230489989477715
1.9230489989477715
1.9230489989477715
1.9230489989477715
1.9230489989477715
1.9230489989477715
1.9230489989477715
1.9230489989477715
1.9230489989477715
1.9230489989477715
1.9230489989477715
1.9230489989477715
1.9230489989477715
1.9230489989477715
1.9230489989477715
1.9230489989477715
1.9230489989477715
1.9230489989477715
1.9230489989477715
1.9230489989477715
1.9230489989477715
1.9230489989477715
1.9230489989477715
1.915212336317589
1.915212336317589
1.915212336317589
1.915212336317589
1.915212336317589
1.915212336317589
1.915212336317589
1.915212336317589
1.915212336317589
1.915212336317589
1.915212336317589
1.915212336317589
1.915212336317589
1.915212336317589
1.915212336317589
1.915212336317589
1.914841278874267
1.914841278874267
1.914841278874267
1.914841278874267
1.914841278874267
1.914841278874267
1.914841278874267
1.914841278874267
1.914841278874267
1.914841278874267
1.914841278874267
1.914841278874267
1.914841278874267
1.914841278874267
1.914841278874267
1.914841278874267
1.914841278874267
1.914841278874267
1.914841278874267
1.914841278874267
1.914841278874267
1.914841278874267
1.914841278874267
1.914841278874267
1.914841278874267
1.914841278874267
1.914841278874267
1.914841278874267
1.914841278874267
1.914841278874267
1.914841278874267
1.914841278874267
1.914841278874267
1.91398001839631
1.91398001839631
1.91398001839631
1.91398001839631
1.91398001839631
1.91398001839631
1.91398001839631
1.91398001839631
1.91398001839631
1.91398001839631
1.91398001839631
1.91398001839631
1.91398001839631
1.91398001839631
1.91398001839631
1.91398001839631
1.91398001839631
1.91398001839631
1.91398001839631
1.91398001839631
1.91398001839631
1.91398001839631
1.91398001839631
1.91398001839631
1.91398001839631
1.91398001839631
1.91398001839631
1.91398001839631
1.91398001839631
1.91398001839631
1.91398001839631
1.91398001839631
1.91398001839631
1.91398001839631
1.91398001839631
1.91398001839631
1.91398001839631
1.91398001839631
1.91398001839631
1.91398001839631
1.91398001839631
1.91398001839631
1.91398001839631
1.91398001839631
1.91398001839631
1.91398001839631
1.91398001839631
1.91398001839631
1.91398001839631
1.91398001839631
1.91398001839631
1.91398001839631
1.91398001839631
1.91398001839631
1.91398001839631
1.91398001839631
1.91398001839631
1.91398001839631
1.91398001839631
1.91398001839631
1.91398001839631
1.91398001839631
1.91398001839631
1.91398001839631
1.91398001839631
1.91398001839631
1.91398001839631
1.91398001839631
1.91398001839631
1.91398001839631
1.91398001839631
1.91398001839631
1.91398001839631
1.91398001839631
1.91398001839631
1.91398001839631
1.91398001839631
1.91398001839631
1.91398001839631
1.91398001839631
1.91398001839631
1.91398001839631
1.91398001839631
1.91398001839631
1.91398001839631
1.91398001839631
1.91398001839631
1.91398001839631
1.91398001839631
1.91398001839631
1.91398001839631
1.91398001839631
1.91398001839631
1.91398001839631
1.91398001839631
1.91398001839631
1.91398001839631
1.91398001839631
1.91398001839631
1.91398001839631
1.91398001839631
1.91398001839631
1.91398001839631
1.91398001839631
1.91398001839631
1.91398001839631
1.91398001839631
1.91398001839631
1.8994608180725712
1.8994608180725712
1.8994608180725712
1.8994608180725712
1.8994608180725712
1.8994608180725712
1.8994608180725712
1.8994608180725712
1.8994608180725712
1.8994608180725712
1.8994608180725712
1.8994608180725712
1.8994608180725712
1.8994608180725712
1.8994608180725712
1.8994608180725712
1.8994608180725712
1.8994608180725712
1.8994608180725712
1.8994608180725712
1.8994608180725712
1.8994608180725712
1.8994608180725712
1.8994608180725712
1.8994608180725712
1.8994608180725712
1.8994608180725712
1.8994608180725712
1.8994608180725712
1.8994608180725712
1.8994608180725712
1.8994608180725712
1.8994608180725712
1.8994608180725712
1.8994608180725712
1.8994608180725712
1.8994608180725712
1.8994608180725712
1.8994608180725712
1.8994608180725712
1.8994608180725712
1.8994608180725712
1.8994608180725712
1.8994608180725712
1.8994608180725712
1.8994608180725712
1.8994608180725712
1.8994608180725712
1.8994608180725712
1.8994608180725712
1.8994608180725712
1.8994608180725712
1.8994608180725712
1.8994608180725712
1.8994608180725712
1.8994608180725712
1.8994608180725712
1.8994608180725712
1.8994608180725712
1.8994608180725712
1.8994608180725712
1.8994608180725712
1.8994608180725712
1.8994608180725712
1.8994608180725712
1.8994608180725712
1.8994608180725712
1.8994608180725712
1.8994608180725712
1.8994608180725712
1.8994608180725712
1.8994608180725712
1.8994608180725712
1.8994608180725712
1.8994608180725712
1.8994608180725712
1.8994608180725712
1.8994608180725712
1.8994608180725712
1.8994608180725712
1.8994608180725712
1.8994608180725712
1.8994608180725712
1.8994608180725712
1.8994608180725712
1.8994608180725712
1.8994608180725712
1.8994608180725712
1.8994608180725712
1.8994608180725712
1.8994608180725712
1.8994608180725712
1.8994608180725712
1.8994608180725712
1.8994608180725712
1.8994608180725712
1.8994608180725712
1.8994608180725712
1.8994608180725712
1.8994608180725712
1.8994608180725712
1.8994608180725712
1.8994608180725712
1.8994608180725712
1.8994608180725712
1.8994608180725712
1.8994608180725712
1.8994608180725712
1.8994608180725712
1.8994608180725712
1.8994608180725712
1.8994608180725712
1.8994608180725712
1.8994608180725712
1.8994608180725712
1.8994608180725712
1.8994608180725712
1.8994608180725712
1.8994608180725712
1.8994608180725712
1.8994608180725712
1.8994608180725712
1.8994608180725712
1.8994608180725712
1.8994608180725712
1.8994608180725712
1.8994608180725712
1.8994608180725712
1.8994608180725712
1.8994608180725712
1.8994608180725712
1.8994608180725712
1.8994608180725712
1.8994608180725712
1.8994608180725712
1.8994608180725712
1.8994608180725712
1.8994608180725712
1.8994608180725712
1.8994608180725712
1.8994608180725712
1.8994608180725712
1.8994608180725712
1.8994608180725712
1.8994608180725712
1.8994608180725712
1.8994608180725712
1.8994608180725712
1.8994608180725712
1.8994608180725712
1.8994608180725712
1.8994608180725712
1.8994608180725712
1.8994608180725712
1.8994608180725712
1.8994608180725712
1.8994608180725712
1.8994608180725712
1.8994608180725712
1.8994608180725712
1.8994608180725712
1.8994608180725712
1.8994608180725712
1.8994608180725712
1.8994608180725712
1.8994608180725712
1.8994608180725712
1.8994608180725712
1.8994608180725712
1.8994608180725712
1.8994608180725712
1.8994608180725712
1.8994608180725712
1.8994608180725712
1.8994608180725712
1.8994608180725712
1.8994608180725712
1.8994608180725712
1.8994608180725712
1.8994608180725712
1.8994608180725712
1.8994608180725712
1.8994608180725712
1.8994608180725712
1.8994608180725712
1.8994608180725712
1.8994608180725712
1.8994608180725712
1.8994608180725712
1.8994608180725712
1.8994608180725712
1.8994608180725712
1.8994608180725712
1.8994608180725712
1.8994608180725712
1.8994608180725712
1.8994608180725712
1.8994608180725712
1.8994608180725712
1.8994608180725712
1.8994608180725712
1.8994608180725712
1.8994608180725712
1.8994608180725712
1.8994608180725712
1.8994608180725712
1.8994608180725712
1.8994608180725712
1.8994608180725712
1.8994608180725712
1.8994608180725712
1.8994608180725712
1.8994608180725712
1.8994608180725712
1.8994608180725712
1.8994608180725712
1.8994608180725712
1.8994608180725712
1.8994608180725712
1.8994608180725712
1.8994608180725712
1.8994608180725712
1.8994608180725712
1.8994608180725712
1.8994608180725712
1.8994608180725712
1.8994608180725712
1.8994608180725712
1.8994608180725712
1.8994608180725712
1.8994608180725712
1.8994608180725712
1.8994608180725712
1.8994608180725712
1.8994608180725712
1.8994608180725712
1.8994608180725712
1.8994608180725712
1.8994608180725712
1.8994608180725712
1.8994608180725712
1.8994608180725712
1.8994608180725712
1.8994608180725712
1.8994608180725712
1.8994608180725712
1.8994608180725712
1.8994608180725712
1.8994608180725712
1.8994608180725712
1.8994608180725712
1.8994608180725712
1.8994608180725712
1.8994608180725712
1.8994608180725712
1.8994608180725712
1.8994608180725712
1.8994608180725712
1.8994608180725712
1.8994608180725712
1.8994608180725712
1.8994608180725712
1.8994608180725712
1.8994608180725712
1.8994608180725712
1.8994608180725712
1.8994608180725712
1.8994608180725712
1.8994608180725712
1.8994608180725712
1.8994608180725712
1.899460818072546
1.8994608180724932
1.8994608180723378
1.8994608180719772
1.8994608180712178
1.8994608180688684
1.8994608180623902
1.8994608180448684
1.8994608179980383
1.8994608178904655
1.899460817595056
1.8994608168332814
1.8994608148611645
1.8994608102224708
1.899460798119339
1.8994607665662209
1.899460685573991
1.8994604873291836
1.89946002903005
1.8994586236843942
1.8994550091254347
1.8994452828496944
1.899421370663161
1.8993564718985356
1.8991615692581616
1.8987531505605575
1.8975215467471847
1.8963617325660433
1.8963617325660433
1.8963195582384555
1.8963195582384555
1.8963195582384555
1.8963195582384555
1.8963195582384555
1.8963195582384555
1.8963195582384555
1.8963195582384555
1.8963195582384555
1.8963195582384555
1.8963195582384555
1.8963195582384555
1.8963195582384555
1.8963195582384555
1.8963195582384555
1.8963195582384555
1.8963195582384555
1.8963195582384555
1.8963184108483804
1.8963184108483804
1.8963184108483804
1.8963184108483804
1.8963184108483804
1.8963184108483804
1.8963184108483804
1.8963184108483804
1.8963184108483804
1.8963184108483804
1.8963177131941924
1.8963177131941924
1.8963177131941924
1.8963177131941924
1.8963177131941924
1.8963177131941924
1.8963177131941924
1.8963177131941924
1.8963175994843282
1.8963175994843282
1.8963175994843282
1.8963175994843282
1.8963175994843282
1.8963175994843282
1.8963175994843282
1.8963175994843282
1.8963175994843282
1.8963174776838363
1.8963174776838363
1.8963174776838363
1.8963174776838363
1.8963174776838363
1.8963174776838363
1.8963174776838363
1.8963174776838363
1.8963174776838363
1.8963174776838363
1.8963174776838363
1.8963174776838363
1.8963174776838363
1.8963174776838363
1.8963174776838363
1.8963174776838363
1.8963174776838363
1.8963174776838363
1.8963174776838363
1.8963174776838363
1.8963174776838363
1.8963174776838363
1.8963174776838363
1.8963174776838363
1.8963174776838363
1.8963174776838363
1.8963174776838363
1.8963174776838363
1.8963174776838363
1.8963174776838363
1.8963174776838363
1.8963174776838363
1.8963174776838363
1.8963174776838363
1.8963174776838363
1.8963174776838363
1.8963174776838363
1.8963174776838363
1.8963174776838363
1.8963174776838363
1.8963174776838363
1.8963174776838363
1.8963174776838363
1.8963174776838363
1.8963174776838363
1.8963174776838363
1.8963174776838363
1.8963174776838363
1.8963174776838363
1.8963174746222131
1.8963174746222131
1.8963174746222131
1.8963174746222131
1.8963174746222131
1.8963174746222131
1.8963174746222131
1.8963174746222131
1.8963174746222131
1.8963174746222131
1.8963174746222131
1.8963174746222131
1.8963174746222131
1.8963174746222131
1.8963174746222131
1.8963174746222131
1.8963174746222131
1.8963174746222131
1.8963174746222131
1.8963174746222131
1.8963174746222131
1.8963174746222131
1.8963174746222131
1.8963174746222131
1.8963174746222131
1.8963174746222131
1.8963174746222131
1.8963174746222131
1.8963174746222131
1.8963174746222131
1.8963174746222131
1.8963174746222131
1.8963174746222131
1.8963174746222131
1.8963174746222131
1.8963174746222131
1.8963174740701005
1.8963174740701005
1.8963174740701005
1.8963174740701005
1.8963174740701005
1.8963174740701005
1.8963174740701005
1.8963174740701005
1.8963174740701005
1.8963174740701005
1.8963174740701005
1.8963174740701005
1.8963174740701005
1.8963174740701005
1.8963174740701005
1.8963174740701005
1.8963174740701005
1.8963174740701005
1.8963174740701005
1.8963174740701005
1.8963174740701005
1.8963174740701005
1.8963174740701005
1.8963174740701005
1.8963174740701005
1.8963174740701005
1.8963174740701005
1.8963174740701005
1.8963174740701005
1.8963174740701005
1.8963174740701005
1.8963174740701005
1.8963174740701005
1.8963174740701005
1.8963174740701005
1.8963174740701005
1.8963174740701005
1.8963174740701005
1.8963174740701005
1.8963174740701005
1.8963174740701005
1.8963174740701005
1.8963174740701005
1.8963174740701005
1.8963174740701005
1.8963174740701005
1.8963174740701005
1.8963174740701005
1.8963174740701005
1.8963174740701005
1.8963174740701005
1.8963174740701005
1.8963174740701005
1.8963174740701005
1.8963174740701005
1.8963174740701005
1.8963174740701005
1.8963174740701005
1.8963174740701005
1.8963174740701005
1.8963174740701005
1.8963174740701005
1.8963174740701005
1.8963174740701005
1.8963174740701005
1.8963174740701005
1.8963174740701005
1.8963174740701005
1.8963174740701005
1.8963174740701005
1.8963174740701005
1.8963174740701005
1.8963174740701005
1.8963174740701005
1.8963174740701005
1.8963174740701005
1.8963174740701005
1.8963174740701005
1.8963174740701005
1.8963174740701005
1.8963174740701005
1.8963174740701005
1.8963174740701005
1.8963174740701005
1.8963174740701005
1.8963174740701005
1.8963174740701005
1.8963174740701005
1.8963174740701005
1.8963174740701005
1.8963174740701005
1.8963174740701005
1.8963174740701005
1.8963174740701005
1.8963174740701005
1.8963174740701005
1.8963174740701005
1.8963174740701005
1.8963174740701005
1.8963174740701005
1.8963174740701005
1.8963174740701005
1.8963174740701005
1.8963174740701005
1.8963174740701005
1.8963174740701005
1.8963174740701005
1.8963174740701005
1.8963174740701005
1.8963174740701005
1.8963174740701005
1.8963174740701005
1.8963174740701005
1.8963174740701005
1.8963174740701005
1.8963174740701005
1.8963174740701005
1.8963174740701005
1.8963174740701005
1.8963174740701005
1.8963174740701005
1.8963174740701005
1.8963174740701005
1.8963174740701005
1.8963174740701005
1.8963174740701005
1.8963174740701005
1.8963174740701005
1.8963174740701005
1.8963174740701005
1.8963174740701005
1.8963174740700677
1.8963174740699915
1.896317474069791
1.8963174740692954
1.8963174740679056
1.8963174740643223
1.8963174740540412
1.8963174740535094
1.8963174740535094
1.8963174740535094
1.8963174740535094
1.8963174740535094
1.8963174740535094
1.8963174740535094
1.8963174740535094
1.8963174740535094
1.8963174740535094
1.8963174740535094
1.8963174740535094
1.8963174740535094
1.8963174740535094
1.8963174740535094
1.8963174740535094
1.8963174740535094
1.8963174740535094
1.8963174740535094
1.8963174740535094
1.8963174740535094
1.8963174740535094
1.8963174740535094
1.8963174740535094
1.8963174740535094
1.8963174740535094
1.8963174740535094
1.8963174740535094
1.8963174740535094
1.8963174740535094
1.8963174740535094
1.8963174740535094
1.8963174740535094
1.8963174740535094
1.8963174740535094
1.8963174740535094
1.8963174740535094
1.8963174740535094
1.8963174740535094
1.8963174740535094
1.8963174740535094
1.8963174740535094
1.8963174740535094
1.8963174740535094
1.8963174740535094
1.8963174740535094
1.8963174740535094
1.8963174740535094
1.8963174740535094
1.8963174740535094
1.8963174740535094
1.8963174740535094
1.8963174740535094
1.8963174740535094
1.8963174740535094
1.8963174740535094
1.8963174740535094
1.8963174740535094
1.8963174740535094
1.8963174740535094
1.8963174740535094
1.8963174740535094
1.8963174740535094
1.8963174740535094
1.8963174740535094
1.8963174740535094
1.8963174740535094
1.8963174740535094
1.8963174740535094
1.8963174740535094
1.8963174740535094
1.8963174740535094
1.8963174740535094
1.8963174740535094
1.8963174740535094
1.8963174740535094
1.8963174740535094
1.8963174740535094
1.8963174740535094
1.8963174740535094
1.8963174740535094
1.8963174740535094
1.896317474053499
1.896317474053499
1.896317474053499
1.896317474053499
1.896317474053499
1.896317474053499
1.896317474053499
1.896317474053499
1.896317474053499
1.896317474053499
1.896317474053499
1.896317474053499
1.896317474053499
1.896317474053499
1.896317474053499
1.896317474053499
