2.124455954020483
2.124455954020483
2.124455954020483
2.124455954020483
2.124455954020483
2.124455954020483
2.124455954020483
2.124455954020483
2.124455954020483
2.124455954020483
2.124455954020483
2.124455954020483
2.124455954020483
2.124455954020483
2.124455954020483
2.124455954020483
2.0156696172362336
2.0156696172362336
2.0156696172362336
2.0156696172362336
2.0156696172362336
2.004407720642475
2.004407720642475
2.004407720642475
2.004407720642475
2.004407720642475
2.004407720642475
2.004407720642475
2.004407720642475
2.004407720642475
2.004407720642475
2.004407720642475
2.004407720642475
2.004407720642475
2.004407720642475
2.004407720642475
2.004407720642475
2.004407720642475
2.004407720642475
2.004407720642475
2.004407720642475
2.004407720642475
2.004407720642475
2.004407720642475
2.004407720642475
2.004407720642475
2.004407720642475
2.004407720642475
2.004407720642475
2.004407720642475
2.004407720642475
2.004407720642475
2.004407720642475
2.004407720642475
2.004407720642475
2.004407720642475
2.004407720642475
2.004407720642475
2.004407720642475
2.004407720642475
2.004407720642475
2.004407720642475
2.004407720642475
2.004407720642475
1.9446681514283628
1.9446681514283628
1.9446681514283628
1.9446497067268687
1.9446497067268687
1.8252423574101295
1.8252423574101295
1.8252423574101295
1.8252423574101295
1.8252423574101295
1.8252423574101295
1.8252423574101295
1.8252423574101295
1.8252423574101295
1.8252423574101295
1.8252423574101295
1.8252423574101295
1.8252423574101295
1.8252423574101295
1.8252423574101295
1.8252423574101295
1.8252423574101295
1.8252423574101295
1.8252423574101295
1.8252423574101295
1.8252423574101295
1.8252423574101295
1.8252423574101295
1.8252423574101295
1.8252423574101295
1.8252423574101295
1.8252423574101295
1.8252423574101295
1.8252423574101295
1.8252423574101295
1.8252423574101295
1.8252423574101295
1.8252423574101295
1.8252423574101295
1.8252423574101295
1.8252423574101295
1.8252423574101295
1.8252423574101295
1.8252423574101295
1.8252423574101295
1.8252423574101295
1.8252423574101295
1.8252423574101295
1.8252423574101295
1.8252423574101295
1.8252423574101295
1.777864525024871
1.777864525024871
1.777864525024871
1.777864525024871
1.777864525024871
1.777864525024871
1.777864525024871
1.777864525024871
1.777864525024871
1.777864525024871
1.777864525024871
1.777864525024871
1.777864525024871
1.777864525024871
1.777864525024871
1.777864525024871
1.777864525024871
1.777864525024871
1.777864525024871
1.777864525024871
1.777864525024871
1.777864525024871
1.777864525024871
1.777864525024871
1.777864525024871
1.777864525024871
1.777864525024871
1.777864525024871
1.777864525024871
1.777864525024871
1.7767168158716988
1.7767168158716988
1.7767168158716988
1.7767168158716988
1.7767168158716988
1.776604773000222
1.776604773000222
1.776604773000222
1.776604773000222
1.776604773000222
1.776604773000222
1.776604773000222
1.776604773000222
1.776604773000222
1.776604773000222
1.776604773000222
1.776604773000222
1.776604773000222
1.776604773000222
1.776604773000222
1.776604773000222
1.776604773000222
1.7757753996877523
1.7756696222148556
1.7754752063574326
1.7752291030886327
1.7752291030886327
1.774283443256288
1.774283443256288
1.774283443256288
1.774283443256288
1.774283443256288
1.774283443256288
1.774283443256288
1.774283443256288
1.774283443256288
1.774283443256288
1.774283443256288
1.774283443256288
1.774283443256288
1.774283443256288
1.774283443256288
1.774283443256288
1.774283443256288
1.774283443256288
1.774283443256288
1.774283443256288
1.774283443256288
1.774283443256288
1.774283443256288
1.7741003124509587
1.7741003124509587
1.7741003124509587
1.7741003124509587
1.7741003124509587
1.7741003124509587
1.7741003124509587
1.7741003124509587
1.7741003124509587
1.7738614507240424
1.7738614507240424
1.7738614507240424
1.7738614507240424
1.7738614507240424
1.7738614507240424
1.7738614507240424
1.7738241264150711
1.7738241264150711
1.7738241264150711
1.7738241264150711
1.7738241264150711
1.7738241264150711
1.7738241264150711
1.7738241264150711
1.7738241264150711
1.7738241264150711
1.7738241264150711
1.7738241264150711
1.7738241264150711
1.7737819498181175
1.7737819498181175
1.7737819498181175
1.7737819498181175
1.7737819498181175
1.7737819498181175
1.7737819498181175
1.7734521415380757
1.7734521415380757
1.7734521415380757
1.7734521415380757
1.7734521415380757
1.7734521415380757
1.7734521415380757
1.7734521415380757
1.7734521415380757
1.7734521415380757
1.7734521415380757
1.7734521415380757
1.7734521415380757
1.7734521415380757
1.7734521415380757
1.7734521415380757
1.7734521415380757
1.7734521415380757
1.7734521415380757
1.7734521415380757
1.7734521415380757
1.7734521415380757
1.7734521415380757
1.7734521415380757
1.7734521415380757
1.7734521415380757
1.7734521415380757
1.7734521415380757
1.7734521415380757
1.7734521415380757
1.7734521415380757
1.7734521415380757
1.7734521415380757
1.7734521415380757
1.7734521415380757
1.7734521415380757
1.7734456882403438
1.7734456882403438
1.7734456882403438
1.7734456882403438
1.7734456882403438
1.7734456882403438
1.7734456882403438
1.7734456882403438
1.7734456882403438
1.7734456882403438
1.7734456882403438
1.7734456882403438
1.7734456882403438
1.7734456882403438
1.7734456882403438
1.7734456882403438
1.7734456882403438
1.7734456882403438
1.7734456882403438
1.7734456882403438
1.7734456882403438
1.7734456882403438
1.7734456882403438
1.7734456882403438
1.7734456882403438
1.7734456882403438
1.7734456882403438
1.7734456882403438
1.7734456882403438
1.7734456882403438
1.7734456882403438
1.7734456882403438
1.7734456882403438
1.7734456882403438
1.7734456882403438
1.7734456882403438
1.7734456882403438
1.7734456882403438
1.7734456882403438
1.7734456882403438
1.7734456882403438
1.7734456882403438
1.7734456882403438
1.7734456882403438
1.7734456882403438
1.7734456882403438
1.7734456882403438
1.7734456882403438
1.7734456882403438
1.7734456882403438
1.7734456882403438
1.7734456882403438
1.7734456882403438
1.7734456882403438
1.7734456882403438
1.7734456882403438
1.7734456882403438
1.7734456882403438
1.7734456882403438
1.7734456882403438
1.7734456882403438
1.7734456882403438
1.7734456882403438
1.7734456882403438
1.7734456882403438
1.7734456882403438
1.7734456882403438
1.7734456882403438
1.7734456882403438
1.7734456882403438
1.7734456882403438
1.7734456882403438
1.7734456882403438
1.7734456882403438
1.7734456882403438
1.7734456882403438
1.7734456882403438
1.7734456882403438
1.7734456882403438
1.7734456882403438
1.7734456882403438
1.7734456882403438
1.7734456882403438
1.7734456882403438
1.7734456882403438
1.7734456882403438
1.7734456882403438
1.7734456882403438
1.7734456882403438
1.7734456882403438
1.7734456882403438
1.7734190836922972
1.7733855205285003
1.7733855205285003
1.7733855205285003
1.7733855205285003
1.7733855205285003
1.7733855205285003
1.7733855205285003
1.7733855205285003
1.7733855205285003
1.7733855205285003
1.7733855205285003
1.7733855205285003
1.7733855205285003
1.7733855205285003
1.7733855205285003
1.7733855205285003
1.7733855205285003
1.7733855205285003
1.7733855205285003
1.7733855205285003
1.7733855205285003
1.7733855205285003
1.7733855205285003
1.7733855205285003
1.7733855205285003
1.7733855205285003
1.7733855205285003
1.7733855205285003
1.7733855205285003
1.7733855205285003
1.7733855205285003
1.7733855205285003
1.7733855205285003
1.7733855205285003
1.7733855205285003
1.7733855205285003
1.7733855205285003
1.7733855205285003
1.7733855205285003
1.7733855205285003
1.7733855205285003
1.7733855205285003
1.7733855205285003
1.7733855205285003
1.7733855205285003
1.7733855205285003
1.7733855205285003
1.7733855205285003
1.7733855205285003
1.7733855205285003
1.7733855205285003
1.7733855205285003
1.7733855205285003
1.7733855205285003
1.7733855205285003
1.7733855205285003
1.7733855205285003
1.7733855205285003
1.7733855205285003
1.7733855205285003
1.7733855205285003
1.7733855205285003
1.7733855205285003
1.7733855205285003
1.7733855205285003
1.7733855205285003
1.7733855205285003
1.7733855205285003
1.7733855205285003
1.7733855205285003
1.7733855205285003
1.7733855205285003
1.7733855205285003
1.7733855205285003
1.7733855205285003
1.7733855205285003
1.7733855205285003
1.7733855205285003
1.7733855205285003
1.7733855205285003
1.7733855205285003
1.7733855205285003
1.7733855205285003
1.7733855205285003
1.7733855205285003
1.7733855205285003
1.7733855205285003
1.7733855205285003
1.7733855205285003
1.7733855205285003
1.7733855205285003
1.7733855205285003
1.773380153183218
1.773380153183218
1.773380153183218
1.773380153183218
1.773380153183218
1.773380061797316
1.7733798118173603
1.7733794012962916
1.7733794012962916
1.7733787485669055
1.7733787485669055
1.7733787485669055
1.7733787485669055
1.7733787485669055
1.7733787485669055
1.7733787485669055
1.7733787485669055
1.7733787485669055
1.7733787485669055
1.7733787485669055
1.7733787485669055
1.7733787485669055
1.7733787485669055
1.7733787485669055
1.7733787485669055
1.7733787485669055
1.7733787485669055
1.7733787485669055
1.7733787485669055
1.7733787485669055
1.7733787485669055
1.7733787485669055
1.7733787485669055
1.7733787485669055
1.7733787485669055
1.7733787485669055
1.7733787485669055
1.7733787485669055
1.7733787485669055
1.7733787485669055
1.7733787485669055
1.7733787485669055
1.7733787485669055
1.7733787485669055
1.7733787485669055
1.7733787485669055
1.7733787485669055
1.7733787485669055
1.7733787485669055
1.7733787485669055
1.7733787485669055
1.7733787485669055
1.7733787142889894
1.7733787142889894
1.7733787142889894
1.7733787142889894
1.773378698872644
1.773378698872644
1.773378698872644
1.773378698872644
1.773378698872644
1.773378698872644
1.773378698872644
1.773378698872644
1.773378698872644
1.773378698872644
1.773378698872644
1.773378698872644
1.773378698872644
1.773378698872644
1.773378698872644
1.773378698872644
1.773378698872644
1.773378698872644
1.773378698872644
1.773378698872644
1.773378698872644
1.773378698872644
1.773378698872644
1.773378698872644
1.773378698872644
1.773378698872644
1.773378698872644
1.773378698872644
1.773378698872644
1.773378698872644
1.773378698872644
1.773378698872644
1.773378698872644
1.773378698872644
1.773378698872644
1.7733786833863043
1.7733786833863043
1.7733786833863043
1.7733786833863043
1.7733786833863043
1.7733786833863043
1.7733786833863043
1.7733786833863043
1.7733786833863043
1.7733786833863043
1.7733786833863043
1.7733786833863043
1.7733786833863043
1.7733786833863043
1.7733786833863043
1.7733786833863043
1.7733786833863043
1.7733786833863043
1.7733786833863043
1.7733786833863043
1.7733786833863043
1.7733786833863043
1.7733786833863043
1.7733786833863043
1.7733786833863043
1.7733786833863043
1.7733786833863043
1.7733786833863043
1.7733786833863043
1.7733786833863043
1.7733786833863043
1.7733786833863043
1.7733786833863043
1.7733786833863043
1.7733786833863043
1.7733786833863043
1.7733786833863043
1.7733786798573616
1.7733786798573616
1.7733786798573616
1.7733786798573616
1.7733786798573616
1.7733786798573616
1.7733786798573616
1.7733786798573616
1.7733786798573616
1.7733786798573616
1.7733786798573616
1.7733786798573616
1.7733786798573616
1.7733786798573616
1.7733786798573616
1.7733786798573616
1.7733786798573616
1.7733786798573616
1.7733786798573616
1.7733786798573616
1.7733786798573616
1.7733786798573616
1.7733786798573616
1.7733786798573616
1.7733786798573616
1.7733786798573616
1.7733786798573616
1.7733786798573616
1.7733786798573616
1.7733786798573616
1.7733786798573616
1.7733786798573616
1.7733786798573616
1.7733786798573616
1.7733786798573616
1.7733786798573616
1.7733786798573616
1.7733786798573616
1.7733786798573616
1.7733786798573616
1.7733786798573616
1.7733786798573616
1.7733786798573616
1.7733786798573616
1.7733786798573616
1.7733786798573616
1.7733786798573616
1.7733786798573616
1.7733786798573616
1.7733786798573616
1.7733786798573616
1.7733786798573616
1.7733786798573616
1.7733786798573616
1.7733786798573616
1.7733786798573616
1.7733786798573616
1.7733786798573616
1.7733786798573616
1.7733786798573616
1.7733786798573616
1.7733786798573616
1.7733786798573616
1.7733786798573616
1.7733786798573616
1.7733786798573616
1.7733786798573616
1.7733786798573616
1.7733786798573616
1.7733786798573616
1.7733786798573616
1.7733786798573616
1.7733786798573616
1.7733786798573616
1.7733786798573616
1.7733786798573616
1.7733786798573616
1.7733786798573616
1.7733786798573616
1.7733786798573616
1.7733786798573616
1.7733786798573616
1.7733786798573616
1.7733786798573616
1.7733786798573616
1.7733786798573616
1.7733786739823398
1.7733786739823398
1.7733786739823398
1.7733786739823398
1.7733786739823398
1.773378673895156
1.773378673895156
1.7733786721493432
1.7733786721493432
1.7733786721493432
1.7733786721493432
1.7733786721493432
1.7733786721493432
1.7733786721493432
1.7733786721493432
1.7733786721493432
1.7733786721493432
1.7733786721493432
1.7733786717853774
1.7733786717853774
1.7733786717853774
1.7733786717853774
1.7733786717853774
1.7733786717853774
1.7733786717853774
1.7733786717853774
1.7733786717853774
1.7733786717853774
1.7733786717853774
1.7733786717853774
1.7733786717853774
1.7733786717853774
1.7733786717853774
1.7733786717853774
1.7733786717853774
1.7733786717853774
1.7733786717853774
1.7733786717853774
1.7733786717853774
1.7733786717853774
1.7733786717853774
1.7733786717853774
1.7733786717853774
1.7733786717853774
1.7733786717853774
1.7733786717853774
1.7733786717853774
1.7733786717853774
1.7733786717853774
1.7733786717853774
1.7733786717853774
1.7733786717853774
1.7733786717853774
1.7733786717853774
1.7733786717853774
1.7733786717853774
1.7733786717853774
1.7733786717853774
1.7733786717853774
1.7733786717853774
1.7733786717853774
1.7733786717853774
1.7733786717853774
1.7733786717853774
1.7733786717853774
1.7733786717853774
1.7733786717853774
1.7733786717853774
1.7733786717853774
1.7733786717853774
1.7733786717853774
1.7733786717853774
1.7733786717853774
1.7733786717853774
1.7733786717853774
1.7733786717853774
1.7733786717853774
1.7733786717853774
1.7733786717853774
1.7733786717853774
1.7733786717853774
1.7733786717853774
1.7733786717853774
1.7733786717853774
1.7733786717853774
1.7733786717853774
1.7733786717853774
1.7733786717853774
1.7733786717853774
1.7733786717853774
1.7733786717853774
1.7733786717853774
1.7733786717853774
1.7733786717853774
1.7733786717853774
1.7733786717853774
1.7733786717853774
1.7733786717853774
1.7733786717853774
1.7733786717853774
1.7733786717853774
1.7733786717853774
1.7733786717853774
1.7733786717853774
1.7733786717853774
1.7733786717853774
1.7733786717853774
1.7733786717853774
1.7733786717853774
1.7733786717853774
1.7733786717853774
1.7733786717853774
1.773378671197205
1.773378671197205
1.773378671197205
1.773378671197205
1.773378671197205
1.773378671197205
1.773378671197205
1.7733786711556874
1.7733786706867
1.7733786706867
1.7733786701407728
1.7733786701407728
1.7733786699871594
1.7733786699261658
1.7733786699261658
1.7733786699261658
1.7733786699261658
1.7733786699261658
1.7733786699261658
1.7733786699261658
1.7733786699261658
1.7733786699261658
1.7733786699261658
1.7733786699261658
1.7733786699261658
1.7733786699261658
1.7733786698010028
1.7733786698010028
1.7733786698010028
1.7733786698010028
1.7733786698010028
1.7733786698010028
1.7733786698010028
1.7733786698010028
1.7733786698010028
1.7733786698010028
1.7733786698010028
1.7733786698010028
1.7733786698010028
1.7733786698010028
1.7733786698010028
1.7733786698010028
1.7733786698010028
1.7733786698010028
1.7733786698010028
1.7733786698010028
1.7733786698010028
1.7733786698010028
1.7733786698010028
1.7733786698010028
1.7733786698010028
1.7733786698010028
1.7733786698010028
1.7733786698010028
1.7733786698010028
1.7733786698010028
1.7733786698010028
1.7733786698010028
1.7733786698010028
1.7733786698010028
1.7733786698010028
1.7733786698010028
1.7733786698010028
1.7733786698010028
1.7733786698010028
1.7733786698010028
1.7733786698010028
1.7733786698010028
1.7733786698010028
1.7733786698010028
1.7733786698010028
1.7733786698010028
1.7733786698010028
1.7733786698010028
1.7733786698010028
1.773378669795487
1.773378669795487
1.773378669795487
1.773378669795487
1.773378669795487
1.773378669795487
1.773378669795487
1.773378669795487
1.773378669795487
1.773378669795487
1.7733786697948288
1.7733786697948288
1.7733786697948288
1.7733786697948288
1.7733786697936489
1.7733786697936489
1.7733786697936489
1.7733786697916267
1.7733786697916267
1.7733786697916267
1.7733786697916267
1.7733786697916267
1.7733786697916267
1.7733786697916267
1.7733786697900875
1.7733786697900875
1.7733786697900875
1.7733786697900875
1.7733786697900875
1.7733786697900875
1.7733786697900875
1.7733786697900875
1.7733786697900875
1.7733786697900875
1.7733786697900875
1.7733786697900875
1.7733786697900875
1.7733786697900875
1.7733786697900875
1.7733786697900875
1.7733786697899951
1.7733786697899951
1.7733786697899951
1.7733786697899951
1.7733786697895615
1.7733786697895615
1.7733786697895615
1.7733786697895615
1.7733786697895615
1.7733786697895615
1.7733786697895615
1.7733786697895615
1.7733786697895615
1.7733786697895615
1.7733786697895615
1.7733786697895615
1.7733786697895615
1.7733786697895615
1.7733786697895615
1.7733786697895615
1.7733786697895615
1.7733786697895615
1.7733786697895615
1.7733786697895615
1.7733786697894027
1.7733786697894027
1.7733786697894027
1.7733786697894027
1.7733786697894027
1.7733786697894027
1.7733786697894027
1.773378669789065
1.773378669789065
1.773378669789065
1.773378669789065
1.773378669789065
1.773378669789065
1.773378669789065
1.773378669789065
1.773378669789065
1.773378669789065
1.773378669789065
1.773378669789065
1.773378669789065
1.773378669789065
1.773378669789065
1.773378669789065
1.7733786697890617
1.7733786697890617
1.7733786697890617
1.7733786697890617
1.7733786697890617
1.7733786697890617
1.7733786697890617
1.7733786697890617
1.7733786697890617
1.7733786697890617
1.7733786697890617
1.7733786697890617
1.7733786697890617
1.7733786697890617
1.7733786697890617
1.7733786697890617
1.7733786697890617
1.7733786697890617
1.7733786697890617
1.7733786697890617
1.7733786697890617
1.7733786697890617
1.7733786697890617
1.7733786697890617
1.7733786697890617
1.7733786697890617
1.7733786697890617
1.7733786697890617
1.7733786697890617
1.7733786697890617
1.7733786697890617
1.7733786697890617
1.7733786697890617
1.7733786697890617
1.7733786697890617
1.7733786697890617
1.7733786697890617
1.7733786697890617
1.7733786697890617
1.7733786697890617
1.7733786697889917
1.7733786697889917
1.7733786697889917
1.7733786697889917
1.7733786697889917
1.7733786697889917
1.7733786697889917
1.7733786697889917
1.7733786697889917
1.7733786697889917
1.7733786697889917
1.7733786697889917
1.7733786697889917
1.7733786697889917
1.7733786697889917
1.7733786697889917
1.7733786697889917
1.7733786697889917
1.7733786697889917
1.7733786697889917
1.7733786697889917
