0.015043424916779504
0.015043424916779504
0.015043424916779504
0.015043424916779504
0.015043424916779504
0.015043424916779504
0.015043424916779504
0.015043424916779504
0.015043424916779504
0.015043424916779504
0.015043424916779504
0.015043424916779504
0.015043424916779504
0.015043424916779504
0.015043424916779504
0.015043424916779504
0.015043424916779504
0.015043424916779504
0.015043424916779504
0.015043424916779504
0.015043424916779504
0.015043424916779504
0.015043424916779504
0.015043424916779504
0.015043424916779504
0.015043424916779504
0.015043424916779504
0.015043424916779504
0.015043424916779504
0.015043424916779504
0.015043424916779504
0.015043424916779504
0.015043424916779504
0.015043424916779504
0.015043424916779504
0.015043424916779504
0.015043424916779504
0.015043424916779504
0.015043424916779504
0.015043424916779504
0.015043424916779504
0.015043424916779504
0.015043424916779504
0.015043424916779504
0.015043424916779504
0.015043424916779504
0.015043424916779504
0.015043424916779504
0.015043424916779504
0.015043424916779504
0.015043424916779504
0.015043424916779504
0.015043424916779504
0.015043424916779504
0.015043424916779504
0.015043424916779504
0.015043424916779504
0.015043424916779504
0.015043424916779504
0.015043424916779504
0.015043424916779504
0.015043424916779504
0.015043424916779504
0.015043424916779504
0.015043424916779504
0.015043424916779504
0.015043424916779504
0.015043424916779504
0.015043424916779504
0.015043424916779504
0.015043424916779504
0.015043424916779504
0.015043424916779504
0.015043424916779504
0.015043424916779504
0.015043424916779504
0.015043424916779504
0.015043424916779504
0.015043424916779504
0.015043424916779504
0.015043424916779504
0.015043424916779504
0.015043424916779504
0.015043424916779504
0.015043424916779504
0.015043424916779504
0.015043424916779504
0.015043424916779504
0.015043424916779504
0.015043424916779504
0.015043424916779504
0.015043424916779504
0.015043424916779504
0.015043424916779504
0.015043424916779504
0.015043424916779504
0.015043424916779504
0.015043424916779504
0.015043424916779504
0.015043424916779504
0.015043424916779504
0.015043424916779504
0.015043424916779504
0.015043424916779504
0.015043424916779504
0.015043424916779504
0.015043424916779504
0.015043424916779504
0.015043424916779504
0.015043424916779504
0.015043424916779504
0.015043424916779504
0.015043424916779504
0.015043145955746984
0.015043145955746984
0.015043145955746984
0.01504258783532383
0.015042169245006468
0.015042169245006468
0.015042169245006468
0.015041855302268443
0.015041855302268443
0.015041711820626458
0.015041619845214925
0.015041619845214925
0.015041619845214925
0.01504154510787873
0.015041411983468924
0.015041118754055744
0.015041048177409571
0.015040719864675712
0.015040719864675712
0.015040719864675712
0.015040719864675712
0.015040546972804266
0.015040546972804266
0.015040498683058094
0.015040498683058094
0.01504035115077732
0.01504035115077732
0.01504035115077732
0.01504033912636606
0.01504033912636606
0.01504033912636606
0.01504033912636606
0.015040235562435443
0.015040235562435443
0.015040173147708436
0.015040170905934286
0.015040118243967246
0.015040073931231916
0.015040073931231916
0.015040073931231916
0.015040050033116936
0.015040035874545728
0.01504002625259396
0.015040010586895162
0.015039995991774881
0.015039990088190562
0.015039990088190562
0.015039990088190562
0.015039980862187335
0.015039980862187335
0.01503996731246785
0.015039962525057913
0.015039962525057913
0.01503995565460241
0.01503995565460241
0.015039953023663987
0.01503994500551552
0.01503994500551552
0.01503993356555403
0.01503993356555403
0.01503993356555403
0.01503993356555403
0.01503993356555403
0.01503993356555403
0.01503993356555403
0.01503993356555403
0.01503993356555403
0.01503993356555403
0.01503993356555403
0.01503993356555403
0.01503993356555403
0.01503993356555403
0.01503993356555403
0.01503993356555403
0.01503993356555403
0.01503993356555403
0.01503993356555403
0.01503993356555403
0.01503993356555403
0.01503993356555403
0.01503993356555403
0.01503993356555403
0.01503993356555403
0.01503993356555403
0.01503993356555403
0.01503993356555403
0.01503993356555403
0.01503993356555403
0.01503993356555403
0.01503993356555403
0.01503993356555403
0.01503993356555403
0.01503993356555403
0.01503993356555403
0.01503993356555403
0.01503993356555403
0.01503993356555403
0.01503993356555403
0.01503993356555403
0.01503993356555403
0.01503993356555403
0.01503993356555403
0.01503993356555403
0.01503993356555403
0.01503993356555403
0.01503993356555403
0.01503993356555403
0.01503993356555403
0.01503993356555403
0.01503993356555403
0.01503993356555403
0.01503993356555403
0.01503993356555403
0.01503993356555403
0.01503993356555403
0.01503993356555403
0.01503993356555403
0.01503993356555403
0.01503993356555403
0.01503993356555403
0.01503993356555403
0.01503993356555403
0.01503993356555403
0.01503993356555403
0.01503993356555403
0.01503993356555403
0.01503993356555403
0.01503993356555403
0.01503993356555403
0.01503993356555403
0.01503993356555403
0.01503993356555403
0.01503993356555403
0.01503993356555403
0.01503993356555403
0.01503993356555403
0.01503993356555403
0.01503993356555403
0.01503993356555403
0.01503993356555403
0.01503993356555403
0.01503993356555403
0.01503993356555403
0.01503993356555403
0.01503993356555403
0.01503993356555403
0.01503993356555403
0.01503993356555403
0.01503993356555403
0.01503993356555403
0.01503993356555403
0.01503993356555403
0.01503993356555403
0.01503993356555403
0.01503993356555403
0.01503993356555403
0.01503993356555403
0.01503993356555403
0.01503993356555403
0.01503993356555403
0.01503993356555403
0.01503993356555403
0.01503993356555403
0.01503993356555403
0.01503993356555403
0.01503993356555403
0.01503993356555403
0.01503993356555403
0.01503993356555403
0.01503993356555403
0.01503993356555403
0.01503993356555403
0.01503993356555403
0.01503993356555403
0.01503993356555403
0.01503993356555403
0.01503993356555403
0.01503993356555403
0.01503993356555403
0.01503993356555403
0.01503993356555403
0.01503993356555403
0.01503993356555403
0.01503993356555403
0.01503993356555403
0.01503993356555403
0.01503993356555403
0.01503993356555403
0.01503993356555403
0.01503993356555403
0.01503993356555403
0.01503993356555403
0.01503993356555403
0.01503993356555403
0.01503993356555403
0.01503993356555403
0.01503993356555403
0.01503993356555403
0.01503993356555403
0.01503993356555403
0.01503993356555403
0.01503993356555403
0.01503993356555403
0.01503993356555403
0.01503993356555403
0.01503993356555403
0.01503993356555403
0.01503993356555403
0.01503993356555403
0.01503993356555403
0.01503993356555403
0.01503993356555403
0.01503993356555403
0.01503993356555403
0.01503993356555403
0.01503993356555403
0.01503993356555403
0.01503993356555403
0.01503993356555403
0.01503993356555403
0.01503993356555403
0.01503993356555403
0.01503993356555403
0.01503993356555403
0.01503993356555403
0.01503993356555403
0.01503993356555403
0.01503993356555403
0.01503993356555403
0.01503993356555403
0.01503993356555403
0.01503993356555403
0.01503993356555403
0.01503993356555403
0.01503993356555403
0.01503993356555403
0.01503993356555403
0.01503993356555403
0.01503993356555403
0.01503993356555403
0.01503993356555403
0.01503993356555403
0.01503993356555403
0.01503993356555403
0.01503993356555403
0.01503993356555403
0.01503993356555403
0.01503993356555403
0.01503993356555403
0.01503993356555403
0.01503993356555403
0.01503993356555403
0.01503993356555403
0.01503993356555403
0.01503993356555403
0.01503993356555403
0.01503993356555403
0.01503993356555403
0.01503993356555403
0.01503993356555403
0.01503993356555403
0.01503993356555403
0.01503993356555403
0.01503993356555403
0.01503993356555403
0.01503993356555403
0.01503993356555403
0.01503993356555403
0.01503993356555403
0.01503993356555403
0.01503993356555403
0.01503993356555403
0.01503993356555403
0.01503993356555403
0.01503993356555403
0.01503993356555403
0.01503993356555403
0.01503993356555403
0.01503993356555403
0.01503993356555403
0.01503993356555403
0.01503993356555403
0.01503993356555403
0.01503993356555403
0.01503993356555403
0.01503993356555403
0.01503993356555403
0.01503993356555403
0.01503993356555403
0.01503993356555403
0.01503993356555403
0.01503993356555403
0.01503993356555403
0.01503993356555403
0.01503993356555403
0.01503993356555403
0.01503993356555403
0.01503993356555403
0.01503993356555403
0.01503993356555403
0.01503993356555403
0.01503993356555403
0.01503993356555403
0.01503993356555403
0.01503993356555403
0.01503993356555403
0.01503993356555403
0.01503993356555403
0.01503993356555403
0.01503993356555403
0.01503993356555403
0.01503993356555403
0.01503993356555403
0.01503993356555403
0.01503993356555403
0.01503993356555403
0.01503993356555403
0.01503993356555403
0.01503993356555403
0.01503993356555403
0.01503993356555403
0.01503993356555403
0.01503993356555403
0.01503993356555403
0.01503993356555403
0.01503993356555403
0.01503993356555403
0.01503993356555403
0.01503993356555403
0.01503993356555403
0.01503993356555403
0.01503993356555403
0.01503993356555403
0.01503993356555403
0.01503993356555403
0.01503993356555403
0.01503993356555403
0.01503993356555403
0.01503993356555403
0.01503993356555403
0.01503993356555403
0.01503993356555403
0.01503993356555403
0.01503993356555403
0.01503993356555403
0.01503993356555403
0.01503993356555403
0.01503993356555403
0.01503993356555403
0.01503993356555403
0.01503993356555403
0.01503993356555403
0.01503993356555403
0.01503993356555403
0.01503993356555403
0.01503993356555403
0.01503993356555403
0.01503993356555403
0.01503993356555403
0.01503993356555403
0.01503993356555403
0.01503993356555403
0.01503993356555403
0.01503993356555403
0.01503993356555403
0.01503993356555403
0.01503993356555403
0.01503993356555403
0.01503993356555403
0.01503993356555403
0.01503993356555403
0.01503993356555403
0.01503993356555403
0.01503993356555403
0.01503993356555403
0.01503993356555403
0.01503993356555403
0.01503993356555403
0.01503993356555403
0.01503993356555403
0.01503993356555403
0.01503993356555403
0.01503993356555403
0.01503993356555403
0.01503993356555403
0.01503993356555403
0.01503993356555403
0.01503993356555403
0.01503993356555403
0.01503993356555403
0.01503993356555403
0.01503993356555403
0.01503993356555403
0.01503993356555403
0.01503993356555403
0.01503993356555403
0.01503993356555403
0.01503993356555403
0.01503993356555403
0.01503993356555403
0.01503993356555403
0.01503993356555403
0.01503993356555403
0.01503993356555403
0.01503993356555403
0.01503993356555403
0.01503993356555403
0.01503993356555403
0.01503993356555403
0.01503993356555403
0.01503993356555403
0.01503993356555403
0.01503993356555403
0.01503993356555403
0.01503993356555403
0.01503993356555403
0.01503993356555403
0.01503993356555403
0.01503993356555403
0.01503993356555403
0.01503993356555403
0.01503993356555403
0.01503993356555403
0.01503993356555403
0.01503993356555403
0.01503993356555403
0.01503993356555403
0.01503993356555403
0.01503993356555403
0.01503993356555403
0.01503993356555403
0.01503993356555403
0.01503993356555403
0.01503993356555403
0.01503993356555403
0.01503993356555403
0.01503993356555403
0.01503993356555403
0.01503993356555403
0.01503993356555403
0.01503993356555403
0.01503993356555403
0.01503993356555403
0.01503993356555403
0.01503993356555403
0.01503993356555403
0.01503993356555403
0.01503993356555403
0.01503993356555403
0.01503993356555403
0.01503993356555403
0.01503993356555403
0.01503993356555403
0.01503993356555403
0.01503993356555403
0.01503993356555403
0.01503993356555403
0.01503993356555403
0.01503993356555403
0.01503993356555403
0.01503993356555403
0.01503993356555403
0.01503993356555403
0.01503993356555403
0.01503993356555403
0.01503993356555403
0.01503993356555403
0.01503993356555403
0.01503993356555403
0.01503993356555403
0.01503993356555403
0.01503993356555403
0.01503993356555403
0.01503993356555403
0.01503993356555403
0.01503993356555403
0.01503993356555403
0.01503993356555403
0.01503993356555403
0.01503993356555403
0.01503993356555403
0.01503993356555403
0.01503993356555403
0.01503993356555403
0.01503993356555403
0.01503993356555403
0.01503993356555403
0.01503993356555403
0.01503993356555403
0.01503993356555403
0.01503993356555403
0.01503993356555403
0.01503993356555403
0.01503993356555403
0.01503993356555403
0.01503993356555403
0.01503993356555403
0.01503993356555403
0.01503993356555403
0.01503993356555403
0.01503993356555403
0.01503993356555403
0.01503993356555403
0.01503993356555403
0.01503993356555403
0.01503993356555403
0.01503993356555403
0.01503993356555403
0.01503993356555403
0.01503993356555403
0.01503993356555403
0.01503993356555403
0.01503993356555403
0.01503993356555403
0.01503993356555403
0.01503993356555403
0.01503993356555403
0.01503993356555403
0.01503993356555403
0.01503993356555403
0.01503993356555403
0.01503993356555403
0.01503993356555403
0.01503993356555403
0.01503993356555403
0.01503993356555403
0.01503993356555403
0.01503993356555403
0.01503993356555403
0.01503993356555403
0.01503993356555403
0.01503993356555403
0.01503993356555403
0.01503993356555403
0.01503993356555403
0.01503993356555403
0.01503993356555403
0.01503993356555403
0.01503993356555403
0.015039933565554029
0.015039933565554029
0.015039933565554029
0.015039933565554029
0.015039933565554029
0.015039933565554029
0.015039933565554029
0.015039933565554029
0.015039933565554029
0.015039933565554029
0.015039933565554029
0.015039933565554029
0.015039933565554029
0.015039933565554029
0.015039933565554029
0.015039933565554029
0.015039933565554029
0.015039933565554029
0.015039933565554029
0.015039933565554029
0.015039933565554029
0.015039933565554029
0.015039933565554029
0.015039933565554029
0.015039933565554029
0.015039933565554029
0.015039933565554029
0.015039933565554029
0.015039933565554029
0.015039933565554029
0.015039933565554029
0.015039933565554029
0.015039933565554029
0.015039933565554029
0.015039933565554029
0.015039933565554029
0.015039933565554029
0.015039933565554029
0.015039933565554029
0.015039933565554029
0.015039933565554029
0.015039933565554029
0.015039933565554029
0.015039933565554029
0.015039933565554029
0.015039933565554029
0.015039933565554029
0.015039933565554029
0.015039933565554029
0.015039933565554029
0.015039933565554029
0.015039933565554029
0.015039933565554029
0.015039933565554029
0.015039933565554029
0.015039933565554029
0.015039933565554029
0.015039933565554029
0.015039933565554029
0.015039933565554029
0.015039933565554029
0.015039933565554029
0.015039933565554029
0.015039933565554029
0.015039933565554029
0.015039933565554029
0.015039933565554029
0.015039933565554029
0.015039933565554029
0.015039933565554029
0.015039933565554029
0.015039933565554029
0.015039933565554029
0.015039933565554029
0.015039933565554029
0.015039933565554029
0.015039933565554029
0.015039933565554029
0.015039933565554029
0.015039933565554029
0.015039933565554029
0.015039933565554029
0.015039933565554029
0.015039933565554029
0.015039933565554029
0.015039933565554029
0.015039933565554029
0.015039933565554029
0.015039933565554029
0.015039933565554029
0.015039933565554029
0.015039933565554029
0.015039933565554029
0.015039933565554029
0.015039933565554029
0.015039933565554029
0.015039933565554029
0.015039933565554029
0.015039933565554029
0.015039933565554029
0.015039933565554029
0.015039933565554029
0.015039933565554029
0.015039933565554029
0.015039933565554029
0.015039933565554029
0.015039933565554029
0.015039933565554029
0.015039933565554029
0.015039933565554029
0.015039933565554029
0.015039933565554029
0.015039933565554029
0.015039933565554029
0.015039933565554029
0.015039933565554029
0.015039933565554029
0.015039933565554029
0.015039933565554029
0.015039933565554029
0.015039933565554029
0.015039933565554029
0.015039933565554029
0.015039933565554029
0.015039933565554029
0.015039933565554029
0.015039933565554029
0.015039933565554029
0.015039933565554029
0.015039933565554029
0.015039933565554029
0.015039933565554029
0.015039933565554029
0.015039933565554029
0.015039933565554029
0.015039933565554029
0.015039933565554029
0.015039933565554029
0.015039933565554029
0.015039933565554029
0.015039933565554029
0.015039933565554029
0.015039933565554029
0.015039933565554029
0.015039933565554029
0.015039933565554029
0.015039933565554029
0.015039933565554029
0.015039933565554029
0.015039933565554029
0.015039933565554029
0.015039933565554029
0.015039933565554029
0.015039933565554029
0.015039933565554029
0.015039933565554029
0.015039933565554029
0.015039933565554029
0.015039933565554029
0.015039933565554029
0.015039933565554029
0.015039933565554029
0.015039933565554029
0.015039933565554029
0.015039933565554029
0.015039933565554029
0.015039933565554029
0.015039933565554029
0.015039933565554029
0.015039933565554029
0.015039933565554029
0.015039933565554029
0.015039933565554029
0.015039933565554029
0.015039933565554029
0.015039933565554029
0.015039933565554029
0.015039933565554029
0.015039933565554029
0.015039933565554029
0.015039933565554029
0.015039933565554029
0.015039933565554029
0.015039933565554029
0.015039933565554029
0.015039933565554029
0.015039933565554029
0.015039933565554029
0.015039933565554029
0.015039933565554029
0.015039933565554029
0.015039933565554029
0.015039933565554029
0.015039933565554029
0.015039933565554029
0.015039933565554029
0.015039933565554029
0.015039933565554029
0.015039933565554029
0.015039933565554029
0.015039933565554029
0.015039933565554029
0.015039933565554029
0.015039933565554029
0.015039933565554029
0.015039933565554029
0.015039933565554029
0.015039933565554029
0.015039933565554029
0.015039933565554029
0.015039933565554029
0.015039933565554029
0.015039933565554029
0.015039933565554029
0.015039933565554029
0.015039933565554029
0.015039933565554029
0.015039933565554029
0.015039933565554029
0.015039933565554029
0.015039933565554029
0.015039933565554029
0.015039933565554029
0.015039933565554029
0.015039933565554029
0.015039933565554029
0.015039933565554029
0.015039933565554029
0.015039933565554029
0.015039933565554029
0.015039933565554029
0.015039933565554029
0.015039933565554029
0.015039933565554029
0.015039933565554029
0.015039933565554029
0.015039933565554029
0.015039933565554029
0.015039933565554029
0.015039933565554029
0.015039933565554029
0.015039933565554029
0.015039933565554029
0.015039933565554029
0.015039933565554029
0.015039933565554029
0.015039933565554029
0.015039933565554029
0.015039933565554029
0.015039933565554029
0.015039933565554029
0.015039933565554029
0.015039933565554029
0.015039933565554029
0.015039933565554029
0.015039933565554029
0.015039933565554029
0.015039933565554029
0.015039933565554029
0.015039933565554029
0.015039933565554029
0.015039933565554029
0.015039933565554029
0.015039933565554029
0.015039933565554029
0.015039933565554029
0.015039933565554029
0.015039933565554029
0.015039933565554029
0.015039933565554029
0.015039933565554029
0.015039933565554029
0.015039933565554029
0.015039933565554029
0.015039933565554029
0.015039933565554029
0.015039933565554029
0.015039933565554029
0.015039933565554029
0.015039933565554029
0.015039933565554029
0.015039933565554029
0.015039933565554029
0.015039933565554029
0.015039933565554029
0.015039933565554029
0.015039933565554029
0.015039933565554029
0.015039933565554029
0.015039933565554029
0.015039933565554029
0.015039933565554029
0.015039933565554029
0.015039933565554029
0.015039933565554029
0.015039933565554029
0.015039933565554029
0.015039933565554029
0.015039933565554029
0.015039933565554029
0.015039933565554029
0.015039933565554029
0.015039933565554029
0.015039933565554029
0.015039933565554029
0.015039933565554029
0.015039933565554029
0.015039933565554029
0.015039933565554029
0.015039933565554029
0.015039933565554029
0.015039933565554029
0.015039933565554029
0.015039933565554029
0.015039933565554029
0.015039933565554029
0.015039933565554029
0.015039933565554029
0.015039933565554029
0.015039933565554029
0.015039933565554029
0.015039933565554029
0.015039933565554029
0.015039933565554029
0.015039933565554029
0.015039933565554029
0.015039933565554029
0.015039933565554029
0.015039933565554029
0.015039933565554029
0.015039933565554029
0.015039933565554029
0.015039933565554029
0.015039933565554029
0.015039933565554029
0.015039933565554029
0.015039933565554029
0.015039933565554029
0.015039933565554029
0.015039933565554029
0.015039933565554029
0.015039933565554029
0.015039933565554029
0.015039933565554029
0.015039933565554029
0.015039933565554029
0.015039933565554029
0.015039933565554029
