14194.041480727925
14194.041480727925
8702.307288683214
8660.076890113229
8613.91858172099
8613.91858172099
8613.91858172099
8613.91858172099
8613.91858172099
8613.91858172099
8586.882294746716
8586.882294746716
8586.882294746716
8586.882294746716
8586.882294746716
8586.272250899176
8571.156841067383
8571.156841067383
8571.156841067383
8571.156841067383
8571.156841067383
8571.156841067383
8571.156841067383
8559.067409983527
8559.067409983527
8559.067409983527
8541.805870138383
8541.805870138383
8536.932822924198
8533.165002802236
8519.884668555304
8519.610092802759
8519.610092802759
8509.924417870105
8496.522808989064
8496.522808989064
8496.522808989064
8496.522808989064
8490.662537243803
8490.662537243803
8490.662537243803
8490.662537243803
8490.662537243803
8490.662537243803
8490.662537243803
8490.662537243803
8487.564388038405
8487.564388038405
8484.271160869925
8484.271160869925
8484.271160869925
8481.646276816233
8480.61383300157
8480.425658924096
8480.425658924096
8479.098603768058
8479.021342201564
8478.577832580142
8478.572949095185
8478.572949095185
8478.24153775036
8478.24153775036
8478.24153775036
8478.24153775036
8478.24153775036
8478.24153775036
8478.24153775036
8478.24153775036
8478.24153775036
8478.24153775036
8478.24153775036
8478.24153775036
8478.219868743
8478.219868743
8478.219868743
8478.219868743
8478.219868743
8478.219868743
8478.219868743
8478.219868743
8478.219868743
8478.219868743
8478.219868743
8478.219868743
8478.219868743
8478.219868743
8478.219868743
8478.219868743
8478.219868743
8478.219868743
8478.219868743
8478.219868743
8478.219868743
8478.219868743
8478.219868743
8478.219868743
8478.219868743
8478.219868743
8478.219868743
8478.219868743
8478.219868743
8478.219868743
8478.219868743
8478.219868743
8478.219868743
8478.219868743
8478.219868743
8478.219868743
8478.219868743
8478.219868743
8478.219868743
8478.219868743
8478.219868743
8478.219868743
8478.219868743
8478.219868743
8478.219868743
8478.219868743
8478.219868743
8478.219868743
8478.219868743
8478.219868743
8478.219868743
8478.219868743
8478.219868743
8478.219868743
8478.219868743
8478.219868743
8478.219868743
8478.219868743
8478.219868743
8478.219868743
8478.219868743
8478.219868743
8478.219868743
8478.219868743
8478.219868743
8478.219868743
8478.219868743
8478.219868743
8478.219868743
8478.219868743
8478.219868743
8478.219868743
8478.219868743
8478.219868743
8478.219868743
8478.219868743
8478.219868743
8478.219868743
8478.219868743
8478.219868743
8478.219868743
8478.219868743
8478.219868743
8478.219868743
8478.219868743
8478.219868743
8478.219868743
8478.219868743
8478.219868743
8478.219868743
8478.219868743
8478.219868743
8478.219868743
8478.219868743
8478.219868743
8478.219868743
8478.219868743
8478.219868743
8478.219868743
8478.219868743
8478.219868743
8478.219868743
8478.219868743
8478.219868743
8478.219868743
8478.219868743
8478.219868743
8478.219868743
8478.219868743
8478.219868743
8478.219868743
8478.219868743
8478.219868743
8478.219868743
8478.219868743
8478.219868743
8478.219868743
8478.219868743
8478.219868743
8478.219868743
8478.219868743
8478.219868743
8478.219868743
8478.219868743
8478.219868743
8478.219868743
8478.219868743
8478.219868743
8478.219868743
8478.219868743
8478.219868743
8478.219868743
8478.219868743
8478.219868743
8478.219868743
8478.219868743
8478.219868743
8478.219868743
8478.219868743
8478.219868743
8478.219868743
8478.219868743
8478.219868743
8478.219868743
8478.219868743
8478.219868743
8478.219868743
8478.219868743
8478.219868743
8478.219868743
8478.219868743
8478.219868743
8478.219868743
8478.219868743
8478.219868743
8478.219868743
8478.219868743
8478.219868743
8478.219868743
8478.219868743
8478.219868743
8478.219868743
8478.219868743
8478.219868743
8478.219868743
8478.219868743
8478.219868743
8478.219868743
8478.219868743
8478.219868743
8478.219868743
8478.219868743
8478.219868743
8478.219868743
8478.219868743
8478.219868743
8478.219868743
8478.219868743
8478.219868743
8478.219868743
8478.219868743
8478.219868743
8478.219868743
8478.219868743
8478.219868743
8478.219868743
8478.219868743
8478.219868743
8478.219868743
8478.219868743
8478.219868743
8478.219868743
8478.219868743
8478.219868743
8478.219868743
8478.219868743
8478.219868743
8478.219868743
8478.219868743
8478.219868743
8478.219868743
8478.219868743
8478.219868743
8478.219868743
8478.219868743
8478.219868743
8478.219868743
8478.219868743
8478.219868743
8478.219868743
8478.219868743
8478.219868743
8478.219868743
8478.219868743
8478.219868743
8478.219868743
8478.219868743
8478.219868743
8478.219868743
8478.219868743
8478.219868743
8478.219868743
8478.219868743
8478.219868743
8478.219868743
8478.219868743
8478.219868743
8478.219868743
8478.219868743
8478.219868743
8478.219868743
8478.219868743
8478.219868743
8478.219868743
8478.219868743
8478.219868743
8478.219868743
8478.219868743
8478.219868743
8478.219868743
8478.219868743
8478.219868743
8478.219868743
8478.219868743
8478.219868743
8478.219868743
8478.219868743
8478.219868743
8478.219868743
8478.219868743
8478.219868743
8478.219868743
8478.219868743
8478.219868743
8478.219868743
8478.219868743
8478.219868743
8478.219868743
8478.219868743
8478.219868743
8478.219868743
8478.219868743
8478.219868743
8478.219868743
8478.219868743
8478.219868743
8478.219868743
8478.219868743
8478.219868743
8478.219868743
8478.219868743
8478.219868743
8478.219868743
8478.219868743
8478.219868743
8478.219868743
8478.219868743
8478.219868743
8478.219868743
8478.219868743
8478.219868743
8478.219868743
8478.219868743
8478.219868743
8478.219868743
8478.219868743
8478.219868743
8478.219868743
8478.219868743
8478.219868743
8478.219868743
8478.219868743
8478.219868743
8478.219868743
8478.219868743
8478.219868743
8478.219868743
8478.219868743
8478.219868743
8478.219868743
8478.219868743
8478.219868743
8478.219868743
8478.219868743
8478.219868743
8478.219868743
8478.219868743
8478.219868743
8478.219868743
8478.219868743
8478.219868743
8478.219868743
8478.219868743
8478.219868743
8478.219868743
8478.219868743
8478.219868743
8478.219868743
8478.219868743
8478.219868743
8478.219868743
8478.219868743
8478.219868743
8478.219868743
8478.219868743
8478.219868743
8478.219868743
8478.219868743
8478.219868743
8478.219868743
8478.219868743
8478.219868743
8478.219868743
8478.219868743
8478.219868743
8478.219868743
8478.219868743
8478.219868743
8478.219868743
8478.219868743
8478.219868743
8478.219868743
8478.219868743
8478.219868743
8478.219868743
8478.219868743
8478.219868743
8478.219868743
8478.219868743
8478.219868743
8478.219868743
8478.219868743
8478.219868743
8478.219868743
8478.219868743
8478.219868743
8478.219868743
8478.219868743
8478.219868743
8478.219868743
8478.219868743
8478.219868743
8478.219868743
8478.219868743
8478.219868743
8478.219868743
8478.219868743
8478.219868743
8478.219868743
8478.219868743
8478.219868743
8478.219868743
8478.219868743
8478.219868743
8478.219868743
8478.219868743
8478.219868743
8478.219868743
8478.219868743
8478.219868743
8478.219868743
8478.219868743
8478.219868743
8478.219868743
8478.219868743
8478.219868743
8478.219868743
8478.219868743
8478.219868743
8478.219868743
8478.219868743
8478.219868743
8478.219868743
8478.219868743
8478.219868743
8478.219868743
8478.219868743
8478.219868743
8478.219868743
8478.219868743
8478.219868743
8478.219868743
8478.219868743
8478.219868743
8478.219868743
8478.219868743
8478.219868743
8478.219868743
8478.219868743
8478.219868743
8478.219868743
8478.219868743
8478.219868743
8478.219868743
8478.219868743
8478.219868743
8478.219868743
8478.219868743
8478.219868743
8478.219868743
8478.219868743
8478.219868743
8478.219868743
8478.219868743
8478.219868743
8478.219868743
8478.219868743
8478.219868743
8478.219868743
8478.219868743
8478.219868743
8478.219868743
8478.219868743
8478.219868743
8478.219868743
8478.219868743
8478.219868743
8478.219868743
8478.219868743
8478.219868743
8478.219868743
8478.219868743
8478.219868743
8478.219868743
8478.219868743
8478.219868743
8478.219868743
8478.219868743
8478.219868743
8478.219868743
8478.219868743
8478.219868743
8478.219868743
8478.219868743
8478.219868743
8478.219868743
8478.219868743
8478.219868743
8478.219868743
8478.219868743
8478.219868743
8478.219868743
8478.219868743
8478.219868743
8478.219868743
8478.219868743
8478.219868743
8478.219868743
8478.219868743
8478.219868743
8478.219868743
8478.219868743
8478.219868743
8478.219868743
8478.219868743
8478.219868743
8478.219868743
8478.219868743
8478.219868743
8478.219868743
8478.219868743
8478.219868743
8478.219868743
8478.219868743
8478.219868743
8478.219868743
8478.219868743
8478.219868743
8478.219868743
8478.219868743
8478.219868743
8478.219868743
8478.219868743
8478.219868743
8478.219868743
8478.219868743
8478.219868743
8478.219868743
8478.219868743
8478.219868743
8478.219868743
8478.219868743
8478.219868743
8478.219868743
8478.219868743
8478.219868743
8478.219868743
8478.219868743
8478.219868743
8478.219868743
8478.219868743
8478.219868743
8478.219868743
8478.219868743
8478.219868743
8478.219868743
8478.219868743
8478.219868743
8478.219868743
8478.219868743
8478.219868743
8478.219868743
8478.219868743
8478.219868743
8478.219868743
8478.219868743
8478.219868743
8478.219868743
8478.219868743
8478.219868743
8478.219868743
8478.219868743
8478.219868743
8478.219868743
8478.219868743
8478.219868743
8478.219868743
8478.219868743
8478.219868743
8478.219868743
8478.219868743
8478.219868743
8478.219868743
8478.219868743
8478.219868743
8478.219868743
8478.219868743
8478.219868743
8478.219868743
8478.219868743
8478.219868743
8478.219868743
8478.219868743
8478.219868743
8478.219868743
8478.219868743
8478.219868743
8478.219868743
8478.219868743
8478.219868743
8478.219868743
8478.219868743
8478.219868743
8478.219868743
8478.219868743
8478.219868743
8478.219868743
8478.219868743
8478.219868743
8478.219868743
8478.219868743
8478.219868743
8478.219868743
8478.219868743
8478.219868743
8478.219868743
8478.219868743
8478.219868743
8478.219868743
8478.219868743
8478.219868742997
8478.219868742997
8478.219868742997
8478.219868742997
8478.219868742997
8478.219868742997
8478.219868742997
8478.219868742997
8478.219868742997
8478.219868742997
8478.219868742997
8478.219868742997
8478.219868742997
8478.219868742997
8478.219868742997
8478.219868742997
8478.219868742997
8478.219868742997
8478.219868742997
8478.219868742997
8478.219868742997
8478.219868742997
8478.219868742997
8478.219868742997
8478.219868742997
8478.219868742997
8478.219868742997
8478.219868742997
8478.219868742997
8478.219868742997
8478.219868742997
8478.219868742997
8478.219868742997
8478.219868742997
8478.219868742997
8478.219868742997
8478.219868742997
8478.219868742997
8478.219868742997
8478.219868742997
8478.219868742997
8478.219868742997
8478.219868742997
8478.219868742997
8478.219868742997
8478.219868742997
8478.219868742997
8478.219868742997
8478.219868742997
8478.219868742997
8478.219868742997
8478.219868742997
8478.219868742997
8478.219868742997
8478.219868742997
8478.219868742997
8478.219868742997
8478.219868742997
8478.219868742997
8478.219868742997
8478.219868742997
8478.219868742997
8478.219868742997
8478.219868742997
8478.219868742997
8478.219868742997
8478.219868742997
8478.219868742997
8478.219868742997
8478.219868742997
8478.219868742997
8478.219868742997
8478.219868742997
8478.219868742997
8478.219868742997
8478.219868742997
8478.219868742997
8478.219868742997
8478.219868742997
8478.219868742997
8478.219868742997
8478.219868742997
8478.219868742997
8478.219868742997
8478.219868742997
8478.219868742997
8478.219868742997
8478.219868742997
8478.219868742997
8478.219868742997
8478.219868742997
8478.219868742997
8478.219868742997
8478.219868742997
8478.219868742997
8478.219868742997
8478.219868742997
8478.219868742997
8478.219868742997
8478.219868742997
8478.219868742997
8478.219868742997
8478.219868742997
8478.219868742997
8478.219868742997
8478.219868742997
8478.219868742997
8478.219868742997
8478.219868742997
8478.219868742997
8478.219868742997
8478.219868742997
8478.219868742997
8478.219868742997
8478.219868742997
8478.219868742997
8478.219868742997
8478.219868742997
8478.219868742997
8478.219868742997
8478.219868742997
8478.219868742997
8478.219868742997
8478.219868742997
8478.219868742997
8478.219868742997
8478.219868742997
8478.219868742997
8478.219868742997
8478.219868742997
8478.219868742997
8478.219868742997
8478.219868742997
8478.219868742997
8478.219868742997
8478.219868742997
8478.219868742997
8478.219868742997
8478.219868742997
8478.219868742997
8478.219868742997
8478.219868742997
8478.219868742997
8478.219868742997
8478.219868742997
8478.219868742997
8478.219868742997
8478.219868742997
8478.219868742997
8478.219868742997
8478.219868742997
8478.219868742997
8478.219868742997
8478.219868742997
8478.219868742997
8478.219868742997
8478.219868742997
8478.219868742997
8478.219868742997
8478.219868742997
8478.219868742997
8478.219868742997
8478.219868742997
8478.219868742997
8478.219868742997
8478.219868742997
8478.219868742997
8478.219868742997
8478.219868742997
8478.219868742997
8478.219868742997
8478.219868742997
8478.219868742997
8478.219868742997
8478.219868742997
8478.219868742997
8478.219868742997
8478.219868742997
8478.219868742997
8478.219868742997
8478.219868742997
8478.219868742997
8478.219868742997
8478.219868742997
8478.219868742997
8478.219868742997
8478.219868742997
8478.219868742997
8478.219868742997
8478.219868742997
8478.219868742997
8478.219868742997
8478.219868742997
8478.219868742997
8478.219868742997
8478.219868742997
8478.219868742997
8478.219868742997
8478.219868742997
8478.219868742997
8478.219868742997
8478.219868742997
8478.219868742997
8478.219868742997
8478.219868742997
8478.219868742997
8478.219868742997
8478.219868742997
8478.219868742997
8478.219868742997
8478.219868742997
8478.219868742997
8478.219868742997
8478.219868742997
8478.219868742997
8478.219868742997
8478.219868742997
8478.219868742997
8478.219868742997
8478.219868742997
8478.219868742997
8478.219868742997
8478.219868742997
8478.219868742997
8478.219868742997
8478.219868742997
8478.219868742997
8478.219868742997
8478.219868742997
8478.219868742997
8478.219868742997
8478.219868742997
8478.219868742997
8478.219868742997
8478.219868742997
8478.219868742997
8478.219868742997
8478.219868742997
8478.219868742997
8478.219868742997
8478.219868742997
8478.219868742997
8478.219868742997
8478.219868742997
8478.219868742997
8478.219868742997
8478.219868742997
8478.219868742997
8478.219868742997
8478.219868742997
8478.219868742997
8478.219868742997
8478.219868742997
8478.219868742997
8478.219868742997
8478.219868742997
8478.219868742997
8478.219868742997
8478.219868742997
8478.219868742997
8478.219868742997
8478.219868742997
8478.219868742997
8478.219868742997
8478.219868742997
8478.219868742997
8478.219868742997
8478.219868742997
8478.219868742997
8478.219868742997
8478.219868742997
8478.219868742997
8478.219868742997
8478.219868742997
8478.219868742997
8478.219868742997
8478.219868742997
8478.219868742997
8478.219868742997
8478.219868742997
8478.219868742997
8478.219868742997
8478.219868742997
8478.219868742997
8478.219868742997
8478.219868742997
8478.219868742997
8478.219868742997
8478.219868742997
8478.219868742997
8478.219868742997
8478.219868742997
8478.219868742997
8478.219868742997
8478.219868742997
8478.219868742997
8478.219868742997
8478.219868742997
8478.219868742997
8478.219868742997
8478.219868742997
8478.219868742997
8478.219868742997
8478.219868742997
8478.219868742997
8478.219868742997
8478.219868742997
8478.219868742997
8478.219868742997
8478.219868742997
8478.219868742997
8478.219868742997
8478.219868742997
8478.219868742997
8478.219868742997
8478.219868742997
8478.219868742997
8478.219868742997
8478.219868742997
8478.219868742997
8478.219868742997
8478.219868742997
8478.219868742997
8478.219868742997
8478.219868742997
8478.219868742997
8478.219868742997
8478.219868742997
8478.219868742997
8478.219868742997
8478.219868742997
8478.219868742997
8478.219868742997
8478.219868742997
8478.219868742997
8478.219868742997
8478.219868742997
8478.219868742997
8478.219868742997
8478.219868742997
8478.219868742997
8478.219868742997
8478.219868742997
8478.219868742997
8478.219868742997
8478.219868742997
8478.219868742997
8478.219868742997
